time	well1	fibro_id	time_exact	ocr	ecar	ppr
1	A01	Background	1.306	0	0	0
1	A02	Background	1.306	0	0	0
1	A03	Background	1.306	0	0	0
1	A04	Background	1.306	0	0	0
1	A05	Background	1.306	0	0	0
1	A06	Background	1.306	0	0	0
1	A07	Background	1.306	0	0	0
1	A08	Background	1.306	0	0	0
1	A09	Background	1.306	0	0	0
1	A10	Background	1.306	0	0	0
1	A11	Background	1.306	0	0	0
1	A12	Background	1.306	0	0	0
1	B01	c1 3/4	1.306	130,612.66	86,431.95	153,710.57
1	B02	c1 3/4	1.306	143,875.67	108,926.93	193,715.65
1	B03	c1 3/4	1.306	117,020.38	127,406.75	226,580.17
1	B04	c1 3/4	1.306	128,770.87	75,751.80	134,717.00
1	B05	c1 3/4	1.306	130,317.77	82,235.85	146,248.23
1	B06	c1 3/4	1.306	129,734.62	75,420.64	134,128.07
1	B07	c1 5/6	1.306	130,257.78	85,008.79	151,179.63
1	B08	c1 5/6	1.306	128,024.26	86,517.75	153,863.16
1	B09	c1 5/6	1.306	136,787.94	95,323.99	169,524.19
1	B10	c1 5/6	1.306	125,194.02	84,608.52	150,467.78
1	B11	c1 5/6	1.306	123,147.00	87,607.95	155,801.99
1	B12	c1 5/6	1.306	115,791.98	85,215.75	151,547.69
1	C01	c3 3/4	1.306	140,332.42	50,440.24	89,702.92
1	C02	c3 3/4	1.306	155,221.35	116,621.92	207,400.43
1	C03	c3 3/4	1.306	155,835.37	94,069.10	167,292.48
1	C04	c3 3/4	1.306	153,488.20	104,376.49	185,623.15
1	C05	c3 3/4	1.306	147,951.79	70,044.61	124,567.33
1	C06	c3 3/4	1.306	159,094.23	71,516.16	127,184.33
1	C07	c3 5/6	1.306	152,684.73	89,212.62	158,655.72
1	C08	c3 5/6	1.306	162,455.48	101,495.22	180,499.09
1	C09	c3 5/6	1.306	146,924.78	87,276.57	155,212.66
1	C10	c3 5/6	1.306	153,001.41	79,448.17	141,290.63
1	C11	c3 5/6	1.306	144,766.08	83,770.27	148,977.04
1	C12	c3 5/6	1.306	132,189.08	104,631.24	186,076.21
1	D01	c2 3/4	1.306	144,196.19	62,800.42	111,684.27
1	D02	c2 3/4	1.306	151,949.48	77,694.13	138,171.24
1	D03	c2 3/4	1.306	153,572.83	91,000.14	161,834.65
1	D04	c2 3/4	1.306	148,049.86	70,074.55	124,620.58
1	D05	c2 3/4	1.306	157,477.52	62,008.02	110,275.07
1	D06	c2 3/4	1.306	160,338.11	70,349.56	125,109.66
1	D07	c2 5/6	1.306	169,609.35	75,673.32	134,577.43
1	D08	c2 5/6	1.306	134,570.13	61,646.28	109,631.74
1	D09	c2 5/6	1.306	146,215.71	62,363.29	110,906.88
1	D10	c2 5/6	1.306	150,458.03	65,607.00	116,675.49
1	D11	c2 5/6	1.306	136,727.10	65,898.53	117,193.95
1	D12	c2 5/6	1.306	147,538.73	70,542.78	125,453.28
1	E01	p3.I.2 3/4	1.306	110,765.75	137,691.76	244,871.02
1	E02	p3.I.2 3/4	1.306	127,087.17	110,376.40	196,293.39
1	E03	p3.I.2 3/4	1.306	146,841.02	107,617.27	191,386.54
1	E04	p3.I.2 3/4	1.306	143,973.17	114,475.75	203,583.67
1	E05	p3.I.2 3/4	1.306	124,939.17	90,583.23	161,093.21
1	E06	p3.I.2 3/4	1.306	122,070.22	89,029.09	158,329.33
1	E07	p3.I.2 5/6	1.306	136,282.83	87,619.98	155,823.37
1	E08	p3.I.2 5/6	1.306	136,249.48	107,438.38	191,068.42
1	E09	p3.I.2 5/6	1.306	121,223.76	102,598.54	182,461.24
1	E10	p3.I.2 5/6	1.306	131,029.27	97,531.03	173,449.18
1	E11	p3.I.2 5/6	1.306	116,323.95	93,314.19	165,949.95
1	E12	p3.I.2 5/6	1.306	105,829.84	127,947.63	227,542.07
1	F01	p3.II.2 3/4	1.306	114,620.07	81,323.87	144,626.36
1	F02	p3.II.2 3/4	1.306	138,719.76	84,371.03	150,045.44
1	F03	p3.II.2 3/4	1.306	140,054.38	90,123.15	160,275.01
1	F04	p3.II.2 3/4	1.306	133,768.00	86,168.92	153,242.81
1	F05	p3.II.2 3/4	1.306	154,314.76	82,801.38	147,253.97
1	F06	p3.II.2 3/4	1.306	135,676.10	63,788.29	113,441.10
1	F07	p3.II.2 5/6	1.306	138,461.74	53,980.47	95,998.86
1	F08	p3.II.2 5/6	1.306	133,795.98	65,445.21	116,387.76
1	F09	p3.II.2 5/6	1.306	124,271.34	55,889.71	99,394.26
1	F10	p3.II.2 5/6	1.306	133,249.13	74,170.72	131,905.20
1	F11	p3.II.2 5/6	1.306	121,398.58	75,455.52	134,190.09
1	F12	p3.II.2 5/6	1.306	115,623.30	67,090.18	119,313.17
1	G01	p3.III.1 3/4	1.306	85,034.94	59,544.13	105,893.28
1	G02	p3.III.1 3/4	1.306	115,747.64	75,040.58	133,452.18
1	G03	p3.III.1 3/4	1.306	108,546.45	80,548.52	143,247.49
1	G04	p3.III.1 3/4	1.306	123,055.33	73,757.38	131,170.12
1	G05	p3.III.1 3/4	1.306	114,082.41	69,345.35	123,323.78
1	G06	p3.III.1 3/4	1.306	117,296.01	63,086.05	112,192.23
1	G07	p3.III.1 5/6	1.306	115,901.86	59,710.38	106,188.94
1	G08	p3.III.1 5/6	1.306	114,834.84	72,148.34	128,308.61
1	G09	p3.III.1 5/6	1.306	126,200.31	81,173.88	144,359.63
1	G10	p3.III.1 5/6	1.306	127,579.35	72,539.33	129,003.94
1	G11	p3.III.1 5/6	1.306	106,388.48	66,957.88	119,077.89
1	G12	p3.III.1 5/6	1.306	106,429.88	86,704.89	154,195.98
1	H01	Background	1.306	0	0	0
1	H02	Background	1.306	0	0	0
1	H03	Background	1.306	0	0	0
1	H04	Background	1.306	0	0	0
1	H05	Background	1.306	0	0	0
1	H06	Background	1.306	0	0	0
1	H07	Background	1.306	0	0	0
1	H08	Background	1.306	0	0	0
1	H09	Background	1.306	0	0	0
1	H10	Background	1.306	0	0	0
1	H11	Background	1.306	0	0	0
1	H12	Background	1.306	0	0	0
2	A01	Background	7.796	0	0	0
2	A02	Background	7.796	0	0	0
2	A03	Background	7.796	0	0	0
2	A04	Background	7.796	0	0	0
2	A05	Background	7.796	0	0	0
2	A06	Background	7.796	0	0	0
2	A07	Background	7.796	0	0	0
2	A08	Background	7.796	0	0	0
2	A09	Background	7.796	0	0	0
2	A10	Background	7.796	0	0	0
2	A11	Background	7.796	0	0	0
2	A12	Background	7.796	0	0	0
2	B01	c1 3/4	7.796	132,973.80	67,694.63	120,388.12
2	B02	c1 3/4	7.796	137,623.04	53,932.36	95,913.31
2	B03	c1 3/4	7.796	115,913.64	109,791.92	195,253.95
2	B04	c1 3/4	7.796	125,513.68	66,061.12	117,483.10
2	B05	c1 3/4	7.796	127,517.83	57,945.29	103,049.91
2	B06	c1 3/4	7.796	127,405.97	67,218.33	119,541.08
2	B07	c1 5/6	7.796	126,274.42	66,099.72	117,551.74
2	B08	c1 5/6	7.796	119,459.57	68,329.12	121,516.50
2	B09	c1 5/6	7.796	128,713.12	76,638.65	136,294.18
2	B10	c1 5/6	7.796	118,939.00	70,000.26	124,488.45
2	B11	c1 5/6	7.796	119,065.80	63,290.24	112,555.37
2	B12	c1 5/6	7.796	114,541.12	79,339.11	141,096.67
2	C01	c3 3/4	7.796	134,030.43	44,540.42	79,210.69
2	C02	c3 3/4	7.796	144,117.99	107,391.12	190,984.37
2	C03	c3 3/4	7.796	147,818.90	86,715.83	154,215.44
2	C04	c3 3/4	7.796	145,913.98	90,695.50	161,292.88
2	C05	c3 3/4	7.796	139,863.06	68,322.04	121,503.92
2	C06	c3 3/4	7.796	157,093.05	67,336.00	119,750.35
2	C07	c3 5/6	7.796	153,709.35	70,878.72	126,050.71
2	C08	c3 5/6	7.796	152,647.15	90,406.10	160,778.20
2	C09	c3 5/6	7.796	137,351.79	83,462.29	148,429.34
2	C10	c3 5/6	7.796	137,480.27	67,807.05	120,588.05
2	C11	c3 5/6	7.796	134,469.89	77,638.35	138,072.04
2	C12	c3 5/6	7.796	129,479.77	99,827.49	177,533.20
2	D01	c2 3/4	7.796	139,077.01	58,892.25	104,733.98
2	D02	c2 3/4	7.796	147,501.20	66,938.66	119,043.71
2	D03	c2 3/4	7.796	151,862.29	62,153.97	110,534.62
2	D04	c2 3/4	7.796	143,930.99	59,382.85	105,606.47
2	D05	c2 3/4	7.796	153,815.48	63,350.72	112,662.91
2	D06	c2 3/4	7.796	152,866.31	60,808.01	108,140.96
2	D07	c2 5/6	7.796	163,673.45	57,934.91	103,031.45
2	D08	c2 5/6	7.796	131,203.53	55,044.08	97,890.39
2	D09	c2 5/6	7.796	140,858.70	57,706.06	102,624.46
2	D10	c2 5/6	7.796	143,553.19	63,501.59	112,931.22
2	D11	c2 5/6	7.796	133,811.89	57,922.82	103,009.95
2	D12	c2 5/6	7.796	144,085.09	52,993.20	94,243.10
2	E01	p3.I.2 3/4	7.796	110,894.72	131,185.45	233,300.21
2	E02	p3.I.2 3/4	7.796	105,119.39	118,588.95	210,898.60
2	E03	p3.I.2 3/4	7.796	131,490.94	113,188.34	201,294.15
2	E04	p3.I.2 3/4	7.796	141,282.09	115,199.89	204,871.49
2	E05	p3.I.2 3/4	7.796	118,062.01	99,991.02	177,824.02
2	E06	p3.I.2 3/4	7.796	111,167.51	82,981.76	147,574.75
2	E07	p3.I.2 5/6	7.796	124,138.86	87,345.18	155,334.68
2	E08	p3.I.2 5/6	7.796	120,428.29	97,971.72	174,232.91
2	E09	p3.I.2 5/6	7.796	113,832.17	91,229.18	162,241.98
2	E10	p3.I.2 5/6	7.796	120,890.68	95,545.19	169,917.57
2	E11	p3.I.2 5/6	7.796	108,415.57	101,732.14	180,920.44
2	E12	p3.I.2 5/6	7.796	101,180.51	131,390.30	233,664.51
2	F01	p3.II.2 3/4	7.796	113,275.18	71,776.39	127,647.14
2	F02	p3.II.2 3/4	7.796	132,056.37	75,186.98	133,712.52
2	F03	p3.II.2 3/4	7.796	128,228.60	71,774.65	127,644.03
2	F04	p3.II.2 3/4	7.796	123,288.96	71,304.45	126,807.83
2	F05	p3.II.2 3/4	7.796	138,407.84	71,076.73	126,402.85
2	F06	p3.II.2 3/4	7.796	126,494.84	60,730.04	108,002.31
2	F07	p3.II.2 5/6	7.796	130,322.93	66,082.73	117,521.53
2	F08	p3.II.2 5/6	7.796	121,249.39	59,625.64	106,038.24
2	F09	p3.II.2 5/6	7.796	111,618.75	66,744.34	118,698.14
2	F10	p3.II.2 5/6	7.796	124,590.11	66,926.13	119,021.44
2	F11	p3.II.2 5/6	7.796	114,536.80	59,980.22	106,668.82
2	F12	p3.II.2 5/6	7.796	116,124.50	49,830.52	88,618.59
2	G01	p3.III.1 3/4	7.796	82,272.59	47,728.87	84,881.02
2	G02	p3.III.1 3/4	7.796	113,455.76	68,701.94	122,179.53
2	G03	p3.III.1 3/4	7.796	106,446.51	74,296.25	132,128.45
2	G04	p3.III.1 3/4	7.796	117,946.06	72,537.19	129,000.14
2	G05	p3.III.1 3/4	7.796	108,966.95	67,732.16	120,454.87
2	G06	p3.III.1 3/4	7.796	112,835.59	61,201.62	108,840.96
2	G07	p3.III.1 5/6	7.796	111,195.60	51,380.41	91,374.92
2	G08	p3.III.1 5/6	7.796	110,969.29	66,980.01	119,117.24
2	G09	p3.III.1 5/6	7.796	118,990.02	77,552.08	137,918.61
2	G10	p3.III.1 5/6	7.796	123,924.79	70,577.78	125,515.52
2	G11	p3.III.1 5/6	7.796	100,493.56	62,041.45	110,334.52
2	G12	p3.III.1 5/6	7.796	103,767.35	98,498.85	175,170.35
2	H01	Background	7.796	0	0	0
2	H02	Background	7.796	0	0	0
2	H03	Background	7.796	0	0	0
2	H04	Background	7.796	0	0	0
2	H05	Background	7.796	0	0	0
2	H06	Background	7.796	0	0	0
2	H07	Background	7.796	0	0	0
2	H08	Background	7.796	0	0	0
2	H09	Background	7.796	0	0	0
2	H10	Background	7.796	0	0	0
2	H11	Background	7.796	0	0	0
2	H12	Background	7.796	0	0	0
3	A01	Background	14.286	0	0	0
3	A02	Background	14.286	0	0	0
3	A03	Background	14.286	0	0	0
3	A04	Background	14.286	0	0	0
3	A05	Background	14.286	0	0	0
3	A06	Background	14.286	0	0	0
3	A07	Background	14.286	0	0	0
3	A08	Background	14.286	0	0	0
3	A09	Background	14.286	0	0	0
3	A10	Background	14.286	0	0	0
3	A11	Background	14.286	0	0	0
3	A12	Background	14.286	0	0	0
3	B01	c1 3/4	14.286	136,051.18	66,793.74	118,785.99
3	B02	c1 3/4	14.286	137,282.51	60,062.52	106,815.19
3	B03	c1 3/4	14.286	116,794.00	106,846.53	190,015.88
3	B04	c1 3/4	14.286	127,144.09	64,527.70	114,756.06
3	B05	c1 3/4	14.286	128,027.67	58,451.68	103,950.47
3	B06	c1 3/4	14.286	127,978.12	66,888.71	118,954.88
3	B07	c1 5/6	14.286	126,165.57	67,438.30	119,932.27
3	B08	c1 5/6	14.286	123,808.66	65,849.06	117,105.97
3	B09	c1 5/6	14.286	127,897.47	76,694.98	136,394.35
3	B10	c1 5/6	14.286	121,695.41	68,856.88	122,455.08
3	B11	c1 5/6	14.286	120,923.89	62,344.57	110,873.58
3	B12	c1 5/6	14.286	114,743.40	78,233.43	139,130.33
3	C01	c3 3/4	14.286	139,493.87	44,702.82	79,499.49
3	C02	c3 3/4	14.286	147,011.42	102,029.00	181,448.38
3	C03	c3 3/4	14.286	148,577.71	83,766.59	148,970.51
3	C04	c3 3/4	14.286	147,011.16	79,549.02	141,469.97
3	C05	c3 3/4	14.286	142,605.59	65,470.66	116,433.01
3	C06	c3 3/4	14.286	158,033.24	63,805.90	113,472.42
3	C07	c3 5/6	14.286	148,885.97	69,938.38	124,378.42
3	C08	c3 5/6	14.286	150,721.03	90,426.33	160,814.19
3	C09	c3 5/6	14.286	133,810.05	85,874.13	152,718.55
3	C10	c3 5/6	14.286	143,190.45	70,255.68	124,942.71
3	C11	c3 5/6	14.286	133,900.24	73,760.03	131,174.83
3	C12	c3 5/6	14.286	132,900.17	90,745.85	161,382.42
3	D01	c2 3/4	14.286	138,644.40	56,946.29	101,273.28
3	D02	c2 3/4	14.286	149,378.52	70,258.77	124,948.20
3	D03	c2 3/4	14.286	153,787.63	56,681.93	100,803.15
3	D04	c2 3/4	14.286	146,045.96	57,150.15	101,635.83
3	D05	c2 3/4	14.286	154,712.70	60,182.78	107,029.05
3	D06	c2 3/4	14.286	154,755.65	59,131.65	105,159.73
3	D07	c2 5/6	14.286	164,652.63	55,097.52	97,985.44
3	D08	c2 5/6	14.286	130,966.24	55,894.99	99,403.65
3	D09	c2 5/6	14.286	141,444.44	57,655.21	102,534.03
3	D10	c2 5/6	14.286	143,746.54	62,002.18	110,264.67
3	D11	c2 5/6	14.286	133,196.03	58,056.51	103,247.70
3	D12	c2 5/6	14.286	142,693.37	53,492.72	95,131.44
3	E01	p3.I.2 3/4	14.286	111,658.84	128,725.43	228,925.31
3	E02	p3.I.2 3/4	14.286	102,478.47	123,868.78	220,288.24
3	E03	p3.I.2 3/4	14.286	129,306.12	119,380.17	212,305.70
3	E04	p3.I.2 3/4	14.286	129,526.18	120,855.14	214,928.79
3	E05	p3.I.2 3/4	14.286	117,785.63	106,779.33	189,896.37
3	E06	p3.I.2 3/4	14.286	113,087.26	86,165.67	153,237.03
3	E07	p3.I.2 5/6	14.286	120,738.77	95,770.45	170,318.16
3	E08	p3.I.2 5/6	14.286	118,301.07	104,319.89	185,522.49
3	E09	p3.I.2 5/6	14.286	109,587.17	100,819.99	179,298.27
3	E10	p3.I.2 5/6	14.286	117,582.82	102,926.74	183,044.91
3	E11	p3.I.2 5/6	14.286	105,970.32	106,663.86	189,691.00
3	E12	p3.I.2 5/6	14.286	95,701.56	127,930.93	227,512.36
3	F01	p3.II.2 3/4	14.286	114,820.78	70,689.29	125,713.83
3	F02	p3.II.2 3/4	14.286	133,618.88	74,783.48	132,994.93
3	F03	p3.II.2 3/4	14.286	128,403.83	68,294.14	121,454.29
3	F04	p3.II.2 3/4	14.286	123,507.05	76,393.60	135,858.37
3	F05	p3.II.2 3/4	14.286	138,750.60	71,106.87	126,456.46
3	F06	p3.II.2 3/4	14.286	129,866.41	60,725.80	107,994.76
3	F07	p3.II.2 5/6	14.286	129,542.72	65,913.97	117,221.41
3	F08	p3.II.2 5/6	14.286	121,960.58	58,851.46	104,661.43
3	F09	p3.II.2 5/6	14.286	110,554.63	65,134.77	115,835.67
3	F10	p3.II.2 5/6	14.286	126,493.12	65,890.17	117,179.08
3	F11	p3.II.2 5/6	14.286	114,731.18	61,107.11	108,672.89
3	F12	p3.II.2 5/6	14.286	117,514.04	50,478.58	89,771.10
3	G01	p3.III.1 3/4	14.286	84,196.73	47,500.46	84,474.82
3	G02	p3.III.1 3/4	14.286	114,421.72	69,342.23	123,318.23
3	G03	p3.III.1 3/4	14.286	106,770.41	75,431.20	134,146.84
3	G04	p3.III.1 3/4	14.286	117,005.59	73,210.09	130,196.83
3	G05	p3.III.1 3/4	14.286	107,970.69	69,599.95	123,776.55
3	G06	p3.III.1 3/4	14.286	113,506.37	62,301.55	110,797.08
3	G07	p3.III.1 5/6	14.286	112,013.27	54,463.20	96,857.36
3	G08	p3.III.1 5/6	14.286	109,829.27	68,590.01	121,980.47
3	G09	p3.III.1 5/6	14.286	116,812.49	77,550.69	137,916.15
3	G10	p3.III.1 5/6	14.286	122,143.36	71,969.26	127,990.14
3	G11	p3.III.1 5/6	14.286	99,106.98	62,243.59	110,694.00
3	G12	p3.III.1 5/6	14.286	104,554.05	94,361.32	167,812.17
3	H01	Background	14.286	0	0	0
3	H02	Background	14.286	0	0	0
3	H03	Background	14.286	0	0	0
3	H04	Background	14.286	0	0	0
3	H05	Background	14.286	0	0	0
3	H06	Background	14.286	0	0	0
3	H07	Background	14.286	0	0	0
3	H08	Background	14.286	0	0	0
3	H09	Background	14.286	0	0	0
3	H10	Background	14.286	0	0	0
3	H11	Background	14.286	0	0	0
3	H12	Background	14.286	0	0	0
4	A01	Background	20.752	0	0	0
4	A02	Background	20.752	0	0	0
4	A03	Background	20.752	0	0	0
4	A04	Background	20.752	0	0	0
4	A05	Background	20.752	0	0	0
4	A06	Background	20.752	0	0	0
4	A07	Background	20.752	0	0	0
4	A08	Background	20.752	0	0	0
4	A09	Background	20.752	0	0	0
4	A10	Background	20.752	0	0	0
4	A11	Background	20.752	0	0	0
4	A12	Background	20.752	0	0	0
4	B01	c1 3/4	20.752	138,600.65	65,040.29	115,667.65
4	B02	c1 3/4	20.752	140,474.35	59,289.82	105,441.01
4	B03	c1 3/4	20.752	117,632.91	107,103.01	190,471.99
4	B04	c1 3/4	20.752	130,598.01	64,261.86	114,283.28
4	B05	c1 3/4	20.752	127,963.91	58,968.89	104,870.28
4	B06	c1 3/4	20.752	129,598.77	66,857.51	118,899.39
4	B07	c1 5/6	20.752	126,058.63	65,523.90	116,527.70
4	B08	c1 5/6	20.752	123,808.82	64,545.81	114,788.27
4	B09	c1 5/6	20.752	130,911.22	74,835.69	133,087.80
4	B10	c1 5/6	20.752	122,538.86	67,873.01	120,705.37
4	B11	c1 5/6	20.752	121,575.63	60,772.65	108,078.08
4	B12	c1 5/6	20.752	115,077.33	76,426.66	135,917.17
4	C01	c3 3/4	20.752	137,644.95	39,117.86	69,567.21
4	C02	c3 3/4	20.752	150,342.08	98,658.02	175,453.41
4	C03	c3 3/4	20.752	152,503.33	83,256.22	148,062.86
4	C04	c3 3/4	20.752	153,545.06	79,411.56	141,225.53
4	C05	c3 3/4	20.752	144,850.88	65,919.87	117,231.89
4	C06	c3 3/4	20.752	153,897.50	63,777.94	113,422.68
4	C07	c3 5/6	20.752	152,796.09	67,334.41	119,747.51
4	C08	c3 5/6	20.752	152,676.85	88,179.07	156,817.65
4	C09	c3 5/6	20.752	136,414.17	82,432.49	146,597.94
4	C10	c3 5/6	20.752	140,742.09	67,182.67	119,477.66
4	C11	c3 5/6	20.752	133,241.89	70,837.40	125,977.23
4	C12	c3 5/6	20.752	132,078.21	86,076.93	153,079.21
4	D01	c2 3/4	20.752	139,424.15	55,976.14	99,547.98
4	D02	c2 3/4	20.752	149,979.29	70,932.99	126,147.22
4	D03	c2 3/4	20.752	153,624.88	58,032.53	103,205.06
4	D04	c2 3/4	20.752	146,855.40	57,776.34	102,749.45
4	D05	c2 3/4	20.752	155,302.57	60,993.19	108,470.28
4	D06	c2 3/4	20.752	155,342.80	58,389.47	103,839.84
4	D07	c2 5/6	20.752	165,030.38	53,770.92	95,626.20
4	D08	c2 5/6	20.752	132,292.46	57,991.36	103,131.84
4	D09	c2 5/6	20.752	141,751.57	58,494.69	104,026.96
4	D10	c2 5/6	20.752	146,102.85	62,236.53	110,681.44
4	D11	c2 5/6	20.752	134,160.95	57,353.88	101,998.14
4	D12	c2 5/6	20.752	140,775.77	50,809.40	90,359.44
4	E01	p3.I.2 3/4	20.752	111,665.60	127,129.50	226,087.11
4	E02	p3.I.2 3/4	20.752	102,643.84	126,005.24	224,087.73
4	E03	p3.I.2 3/4	20.752	130,638.80	124,971.80	222,249.86
4	E04	p3.I.2 3/4	20.752	129,401.56	120,408.60	214,134.65
4	E05	p3.I.2 3/4	20.752	117,264.75	108,910.50	193,686.43
4	E06	p3.I.2 3/4	20.752	113,457.06	90,213.07	160,434.92
4	E07	p3.I.2 5/6	20.752	119,087.89	99,816.47	177,513.62
4	E08	p3.I.2 5/6	20.752	118,134.28	106,870.45	190,058.41
4	E09	p3.I.2 5/6	20.752	108,827.27	104,166.87	185,250.36
4	E10	p3.I.2 5/6	20.752	118,742.05	105,149.29	186,997.49
4	E11	p3.I.2 5/6	20.752	103,861.27	107,340.84	190,894.95
4	E12	p3.I.2 5/6	20.752	95,908.60	125,360.89	222,941.80
4	F01	p3.II.2 3/4	20.752	113,349.30	68,707.66	122,189.70
4	F02	p3.II.2 3/4	20.752	134,783.09	73,846.23	131,328.13
4	F03	p3.II.2 3/4	20.752	130,492.27	65,851.80	117,110.84
4	F04	p3.II.2 3/4	20.752	126,649.52	73,843.45	131,323.19
4	F05	p3.II.2 3/4	20.752	142,727.08	69,219.04	123,099.14
4	F06	p3.II.2 3/4	20.752	130,532.84	60,471.38	107,542.30
4	F07	p3.II.2 5/6	20.752	132,887.11	64,331.33	114,406.83
4	F08	p3.II.2 5/6	20.752	122,507.72	57,769.68	102,737.59
4	F09	p3.II.2 5/6	20.752	111,694.25	62,704.55	111,513.78
4	F10	p3.II.2 5/6	20.752	128,147.89	64,674.24	115,016.68
4	F11	p3.II.2 5/6	20.752	116,980.53	60,957.78	108,407.32
4	F12	p3.II.2 5/6	20.752	117,624.93	46,384.76	82,490.66
4	G01	p3.III.1 3/4	20.752	84,904.07	47,043.79	83,662.68
4	G02	p3.III.1 3/4	20.752	114,924.85	69,988.70	124,467.90
4	G03	p3.III.1 3/4	20.752	108,061.58	77,148.97	137,201.74
4	G04	p3.III.1 3/4	20.752	119,451.91	73,819.76	131,281.06
4	G05	p3.III.1 3/4	20.752	109,791.80	70,547.91	125,462.40
4	G06	p3.III.1 3/4	20.752	112,263.02	61,888.94	110,063.30
4	G07	p3.III.1 5/6	20.752	112,459.96	55,475.79	98,658.15
4	G08	p3.III.1 5/6	20.752	109,415.47	69,587.09	123,753.68
4	G09	p3.III.1 5/6	20.752	118,244.61	77,361.67	137,579.99
4	G10	p3.III.1 5/6	20.752	121,460.13	72,750.17	129,378.91
4	G11	p3.III.1 5/6	20.752	99,051.75	61,549.93	109,460.39
4	G12	p3.III.1 5/6	20.752	107,314.96	92,503.04	164,507.40
4	H01	Background	20.752	0	0	0
4	H02	Background	20.752	0	0	0
4	H03	Background	20.752	0	0	0
4	H04	Background	20.752	0	0	0
4	H05	Background	20.752	0	0	0
4	H06	Background	20.752	0	0	0
4	H07	Background	20.752	0	0	0
4	H08	Background	20.752	0	0	0
4	H09	Background	20.752	0	0	0
4	H10	Background	20.752	0	0	0
4	H11	Background	20.752	0	0	0
4	H12	Background	20.752	0	0	0
5	A01	Background	27.371	0	0	0
5	A02	Background	27.371	0	0	0
5	A03	Background	27.371	0	0	0
5	A04	Background	27.371	0	0	0
5	A05	Background	27.371	0	0	0
5	A06	Background	27.371	0	0	0
5	A07	Background	27.371	0	0	0
5	A08	Background	27.371	0	0	0
5	A09	Background	27.371	0	0	0
5	A10	Background	27.371	0	0	0
5	A11	Background	27.371	0	0	0
5	A12	Background	27.371	0	0	0
5	B01	c1 3/4	27.371	62,410.02	102,006.98	181,409.22
5	B02	c1 3/4	27.371	50,012.58	94,324.35	167,746.42
5	B03	c1 3/4	27.371	47,501.28	145,381.56	258,546.57
5	B04	c1 3/4	27.371	47,627.22	107,269.13	190,767.42
5	B05	c1 3/4	27.371	38,716.83	90,326.32	160,636.33
5	B06	c1 3/4	27.371	40,601.01	104,906.91	186,566.45
5	B07	c1 5/6	27.371	43,600.50	104,970.95	186,680.34
5	B08	c1 5/6	27.371	41,778.63	100,278.47	178,335.24
5	B09	c1 5/6	27.371	43,214.72	111,445.37	198,194.44
5	B10	c1 5/6	27.371	37,292.05	106,499.67	189,399.01
5	B11	c1 5/6	27.371	41,339.87	97,159.27	172,788.05
5	B12	c1 5/6	27.371	36,208.99	115,917.13	206,147.02
5	C01	c3 3/4	27.371	45,220.63	63,285.47	112,546.88
5	C02	c3 3/4	27.371	48,016.40	115,453.50	205,322.51
5	C03	c3 3/4	27.371	47,014.49	111,387.85	198,092.16
5	C04	c3 3/4	27.371	58,191.60	99,399.57	176,772.20
5	C05	c3 3/4	27.371	48,425.54	86,802.84	154,370.16
5	C06	c3 3/4	27.371	63,519.74	72,831.68	129,523.86
5	C07	c3 5/6	27.371	57,720.97	75,739.74	134,695.55
5	C08	c3 5/6	27.371	51,205.31	126,647.74	225,230.35
5	C09	c3 5/6	27.371	46,504.00	120,479.21	214,260.23
5	C10	c3 5/6	27.371	46,960.37	92,012.83	163,635.62
5	C11	c3 5/6	27.371	42,390.51	108,872.21	193,618.35
5	C12	c3 5/6	27.371	38,228.67	130,067.04	231,311.22
5	D01	c2 3/4	27.371	38,857.26	86,867.30	154,484.81
5	D02	c2 3/4	27.371	45,323.58	109,370.73	194,504.91
5	D03	c2 3/4	27.371	50,521.49	89,719.31	159,556.82
5	D04	c2 3/4	27.371	47,007.47	88,674.82	157,699.30
5	D05	c2 3/4	27.371	50,873.97	97,711.08	173,769.39
5	D06	c2 3/4	27.371	49,205.66	95,245.01	169,383.72
5	D07	c2 5/6	27.371	54,630.53	80,096.10	142,442.91
5	D08	c2 5/6	27.371	34,345.73	104,193.55	185,297.81
5	D09	c2 5/6	27.371	43,608.10	99,994.92	177,830.96
5	D10	c2 5/6	27.371	44,708.51	105,453.14	187,537.87
5	D11	c2 5/6	27.371	33,628.57	99,679.40	177,269.84
5	D12	c2 5/6	27.371	32,294.50	85,945.22	152,844.97
5	E01	p3.I.2 3/4	27.371	36,807.53	153,536.88	273,049.99
5	E02	p3.I.2 3/4	27.371	34,024.46	158,449.31	281,786.26
5	E03	p3.I.2 3/4	27.371	44,349.00	155,515.56	276,568.87
5	E04	p3.I.2 3/4	27.371	44,317.32	157,498.51	280,095.36
5	E05	p3.I.2 3/4	27.371	43,007.50	141,459.92	251,572.33
5	E06	p3.I.2 3/4	27.371	40,006.99	115,280.05	205,014.04
5	E07	p3.I.2 5/6	27.371	44,214.37	126,300.10	224,612.10
5	E08	p3.I.2 5/6	27.371	46,049.86	141,713.14	252,022.65
5	E09	p3.I.2 5/6	27.371	40,978.50	132,119.26	234,960.90
5	E10	p3.I.2 5/6	27.371	46,127.56	139,404.35	247,916.69
5	E11	p3.I.2 5/6	27.371	33,703.69	146,577.40	260,673.25
5	E12	p3.I.2 5/6	27.371	26,762.23	152,900.07	271,917.48
5	F01	p3.II.2 3/4	27.371	35,117.15	100,057.52	177,942.29
5	F02	p3.II.2 3/4	27.371	43,383.24	112,438.19	199,960.07
5	F03	p3.II.2 3/4	27.371	39,377.89	92,930.43	165,267.47
5	F04	p3.II.2 3/4	27.371	39,305.26	108,755.55	193,410.86
5	F05	p3.II.2 3/4	27.371	47,057.98	104,570.34	185,967.88
5	F06	p3.II.2 3/4	27.371	41,677.26	98,688.29	175,507.25
5	F07	p3.II.2 5/6	27.371	45,415.78	103,865.48	184,714.36
5	F08	p3.II.2 5/6	27.371	40,538.22	91,977.18	163,572.21
5	F09	p3.II.2 5/6	27.371	32,486.07	100,011.60	177,860.62
5	F10	p3.II.2 5/6	27.371	43,761.33	101,465.09	180,445.51
5	F11	p3.II.2 5/6	27.371	32,645.20	98,567.50	175,292.45
5	F12	p3.II.2 5/6	27.371	38,051.36	77,767.22	138,301.23
5	G01	p3.III.1 3/4	27.371	26,085.33	69,992.99	124,475.54
5	G02	p3.III.1 3/4	27.371	41,775.95	105,610.00	187,816.82
5	G03	p3.III.1 3/4	27.371	33,551.74	117,710.96	209,337.18
5	G04	p3.III.1 3/4	27.371	37,837.79	113,872.36	202,510.61
5	G05	p3.III.1 3/4	27.371	33,389.90	108,921.50	193,705.99
5	G06	p3.III.1 3/4	27.371	35,038.03	102,118.87	181,608.21
5	G07	p3.III.1 5/6	27.371	34,651.04	89,227.99	158,683.06
5	G08	p3.III.1 5/6	27.371	33,612.75	111,042.58	197,478.12
5	G09	p3.III.1 5/6	27.371	33,807.71	120,285.67	213,916.04
5	G10	p3.III.1 5/6	27.371	50,346.63	115,924.88	206,160.81
5	G11	p3.III.1 5/6	27.371	27,041.30	100,206.90	178,207.94
5	G12	p3.III.1 5/6	27.371	29,958.69	128,310.21	228,186.88
5	H01	Background	27.371	0	0	0
5	H02	Background	27.371	0	0	0
5	H03	Background	27.371	0	0	0
5	H04	Background	27.371	0	0	0
5	H05	Background	27.371	0	0	0
5	H06	Background	27.371	0	0	0
5	H07	Background	27.371	0	0	0
5	H08	Background	27.371	0	0	0
5	H09	Background	27.371	0	0	0
5	H10	Background	27.371	0	0	0
5	H11	Background	27.371	0	0	0
5	H12	Background	27.371	0	0	0
6	A01	Background	33.873	0	0	0
6	A02	Background	33.873	0	0	0
6	A03	Background	33.873	0	0	0
6	A04	Background	33.873	0	0	0
6	A05	Background	33.873	0	0	0
6	A06	Background	33.873	0	0	0
6	A07	Background	33.873	0	0	0
6	A08	Background	33.873	0	0	0
6	A09	Background	33.873	0	0	0
6	A10	Background	33.873	0	0	0
6	A11	Background	33.873	0	0	0
6	A12	Background	33.873	0	0	0
6	B01	c1 3/4	33.873	62,720.71	114,515.90	203,655.08
6	B02	c1 3/4	33.873	48,887.16	109,382.19	194,525.28
6	B03	c1 3/4	33.873	46,899.60	151,077.29	268,675.85
6	B04	c1 3/4	33.873	45,352.14	111,649.55	198,557.57
6	B05	c1 3/4	33.873	38,360.08	103,119.50	183,387.73
6	B06	c1 3/4	33.873	41,522.26	114,416.89	203,479.00
6	B07	c1 5/6	33.873	43,240.79	113,355.95	201,592.22
6	B08	c1 5/6	33.873	40,452.55	107,131.61	190,522.86
6	B09	c1 5/6	33.873	42,984.53	120,000.86	213,409.53
6	B10	c1 5/6	33.873	37,263.69	114,805.32	204,169.78
6	B11	c1 5/6	33.873	42,082.36	101,903.50	181,225.19
6	B12	c1 5/6	33.873	33,441.13	122,286.66	217,474.60
6	C01	c3 3/4	33.873	48,219.81	71,646.28	127,415.74
6	C02	c3 3/4	33.873	51,965.61	118,069.30	209,974.45
6	C03	c3 3/4	33.873	47,564.01	121,307.22	215,732.76
6	C04	c3 3/4	33.873	59,771.51	100,599.10	178,905.44
6	C05	c3 3/4	33.873	44,728.70	95,972.12	170,676.82
6	C06	c3 3/4	33.873	62,352.57	90,629.74	161,175.93
6	C07	c3 5/6	33.873	58,764.34	90,680.57	161,266.33
6	C08	c3 5/6	33.873	49,311.22	123,142.26	218,996.19
6	C09	c3 5/6	33.873	43,739.26	118,149.73	210,117.47
6	C10	c3 5/6	33.873	46,225.84	100,387.25	178,528.69
6	C11	c3 5/6	33.873	41,502.78	110,101.84	195,805.12
6	C12	c3 5/6	33.873	37,119.00	130,160.32	231,477.11
6	D01	c2 3/4	33.873	38,613.14	89,011.89	158,298.75
6	D02	c2 3/4	33.873	44,702.48	104,511.22	185,862.75
6	D03	c2 3/4	33.873	51,153.11	86,749.46	154,275.23
6	D04	c2 3/4	33.873	46,035.25	87,295.24	155,245.85
6	D05	c2 3/4	33.873	48,615.41	94,716.60	168,444.01
6	D06	c2 3/4	33.873	48,149.15	89,877.92	159,838.90
6	D07	c2 5/6	33.873	54,143.15	84,087.58	149,541.35
6	D08	c2 5/6	33.873	33,484.02	96,296.40	171,253.52
6	D09	c2 5/6	33.873	41,431.09	93,921.12	167,029.32
6	D10	c2 5/6	33.873	44,064.99	100,178.32	178,157.12
6	D11	c2 5/6	33.873	35,524.97	97,079.18	172,645.62
6	D12	c2 5/6	33.873	33,110.87	83,050.99	147,697.88
6	E01	p3.I.2 3/4	33.873	37,540.93	158,241.84	281,417.30
6	E02	p3.I.2 3/4	33.873	35,601.79	157,660.51	280,383.46
6	E03	p3.I.2 3/4	33.873	43,853.41	155,537.17	276,607.30
6	E04	p3.I.2 3/4	33.873	45,908.84	150,962.47	268,471.65
6	E05	p3.I.2 3/4	33.873	42,788.36	140,674.45	250,175.45
6	E06	p3.I.2 3/4	33.873	39,723.89	122,021.57	217,003.15
6	E07	p3.I.2 5/6	33.873	41,901.13	126,333.08	224,670.74
6	E08	p3.I.2 5/6	33.873	40,648.96	140,609.48	250,059.90
6	E09	p3.I.2 5/6	33.873	36,984.19	129,030.53	229,467.90
6	E10	p3.I.2 5/6	33.873	42,767.17	139,969.53	248,921.82
6	E11	p3.I.2 5/6	33.873	35,685.38	144,394.70	256,791.53
6	E12	p3.I.2 5/6	33.873	24,647.92	156,564.54	278,434.39
6	F01	p3.II.2 3/4	33.873	33,421.28	103,668.00	184,363.17
6	F02	p3.II.2 3/4	33.873	44,931.44	112,376.02	199,849.51
6	F03	p3.II.2 3/4	33.873	38,539.07	100,372.94	178,503.24
6	F04	p3.II.2 3/4	33.873	39,600.95	112,287.41	199,691.92
6	F05	p3.II.2 3/4	33.873	48,710.80	109,210.56	194,220.06
6	F06	p3.II.2 3/4	33.873	42,154.75	100,800.86	179,264.24
6	F07	p3.II.2 5/6	33.873	44,189.85	102,329.91	181,983.52
6	F08	p3.II.2 5/6	33.873	37,788.78	92,710.06	164,875.57
6	F09	p3.II.2 5/6	33.873	31,007.66	94,218.71	167,558.56
6	F10	p3.II.2 5/6	33.873	41,646.41	106,588.19	189,556.44
6	F11	p3.II.2 5/6	33.873	32,332.65	102,183.87	181,723.79
6	F12	p3.II.2 5/6	33.873	37,258.53	74,343.49	132,212.47
6	G01	p3.III.1 3/4	33.873	26,408.62	73,544.12	130,790.86
6	G02	p3.III.1 3/4	33.873	42,861.69	109,077.28	193,983.03
6	G03	p3.III.1 3/4	33.873	34,857.17	120,445.21	214,199.76
6	G04	p3.III.1 3/4	33.873	36,230.68	115,094.91	204,684.78
6	G05	p3.III.1 3/4	33.873	32,740.80	111,053.17	197,496.95
6	G06	p3.III.1 3/4	33.873	35,121.34	101,389.91	180,311.81
6	G07	p3.III.1 5/6	33.873	34,069.94	94,776.29	168,550.15
6	G08	p3.III.1 5/6	33.873	31,885.48	113,427.40	201,719.29
6	G09	p3.III.1 5/6	33.873	33,884.08	119,776.37	213,010.30
6	G10	p3.III.1 5/6	33.873	47,266.37	116,408.49	207,020.85
6	G11	p3.III.1 5/6	33.873	27,169.94	103,897.08	184,770.57
6	G12	p3.III.1 5/6	33.873	29,781.88	130,289.18	231,706.27
6	H01	Background	33.873	0	0	0
6	H02	Background	33.873	0	0	0
6	H03	Background	33.873	0	0	0
6	H04	Background	33.873	0	0	0
6	H05	Background	33.873	0	0	0
6	H06	Background	33.873	0	0	0
6	H07	Background	33.873	0	0	0
6	H08	Background	33.873	0	0	0
6	H09	Background	33.873	0	0	0
6	H10	Background	33.873	0	0	0
6	H11	Background	33.873	0	0	0
6	H12	Background	33.873	0	0	0
7	A01	Background	40.367	0	0	0
7	A02	Background	40.367	0	0	0
7	A03	Background	40.367	0	0	0
7	A04	Background	40.367	0	0	0
7	A05	Background	40.367	0	0	0
7	A06	Background	40.367	0	0	0
7	A07	Background	40.367	0	0	0
7	A08	Background	40.367	0	0	0
7	A09	Background	40.367	0	0	0
7	A10	Background	40.367	0	0	0
7	A11	Background	40.367	0	0	0
7	A12	Background	40.367	0	0	0
7	B01	c1 3/4	40.367	63,064.29	114,410.39	203,467.43
7	B02	c1 3/4	40.367	50,190.77	108,583.01	193,104.03
7	B03	c1 3/4	40.367	45,314.88	152,942.66	271,993.23
7	B04	c1 3/4	40.367	46,693.95	111,167.03	197,699.44
7	B05	c1 3/4	40.367	39,849.98	104,302.71	185,491.94
7	B06	c1 3/4	40.367	41,924.78	117,376.31	208,742.04
7	B07	c1 5/6	40.367	42,548.22	113,197.63	201,310.66
7	B08	c1 5/6	40.367	41,512.77	108,370.75	192,726.55
7	B09	c1 5/6	40.367	42,116.56	121,269.64	215,665.92
7	B10	c1 5/6	40.367	35,677.67	113,709.52	202,221.02
7	B11	c1 5/6	40.367	40,864.52	100,125.51	178,063.21
7	B12	c1 5/6	40.367	35,067.74	125,894.29	223,890.40
7	C01	c3 3/4	40.367	46,159.09	66,856.25	118,897.16
7	C02	c3 3/4	40.367	51,046.20	125,031.18	222,355.44
7	C03	c3 3/4	40.367	45,987.22	122,366.91	217,617.32
7	C04	c3 3/4	40.367	63,441.86	105,622.72	187,839.44
7	C05	c3 3/4	40.367	48,007.66	101,161.99	179,906.49
7	C06	c3 3/4	40.367	59,871.05	98,753.11	175,622.53
7	C07	c3 5/6	40.367	61,870.59	95,839.73	170,441.37
7	C08	c3 5/6	40.367	50,649.81	124,925.84	222,168.11
7	C09	c3 5/6	40.367	42,413.42	124,364.16	221,169.22
7	C10	c3 5/6	40.367	47,849.70	103,761.49	184,529.44
7	C11	c3 5/6	40.367	40,649.33	110,052.94	195,718.15
7	C12	c3 5/6	40.367	34,550.00	132,570.63	235,763.61
7	D01	c2 3/4	40.367	39,739.71	89,486.44	159,142.69
7	D02	c2 3/4	40.367	43,536.44	106,175.22	188,822.01
7	D03	c2 3/4	40.367	51,246.48	87,286.15	155,229.68
7	D04	c2 3/4	40.367	46,777.20	87,925.24	156,366.25
7	D05	c2 3/4	40.367	49,359.57	95,629.82	170,068.06
7	D06	c2 3/4	40.367	47,644.19	90,406.33	160,778.62
7	D07	c2 5/6	40.367	55,643.51	85,257.62	151,622.15
7	D08	c2 5/6	40.367	34,267.49	94,807.95	168,606.46
7	D09	c2 5/6	40.367	40,669.44	93,904.70	167,000.12
7	D10	c2 5/6	40.367	43,869.71	100,640.13	178,978.40
7	D11	c2 5/6	40.367	35,863.33	96,138.44	170,972.61
7	D12	c2 5/6	40.367	32,814.35	84,064.49	149,500.28
7	E01	p3.I.2 3/4	40.367	38,958.05	158,123.91	281,207.56
7	E02	p3.I.2 3/4	40.367	35,692.34	157,600.98	280,277.58
7	E03	p3.I.2 3/4	40.367	43,456.14	159,593.14	283,820.44
7	E04	p3.I.2 3/4	40.367	46,510.99	154,485.33	274,736.72
7	E05	p3.I.2 3/4	40.367	42,876.87	143,819.55	255,768.69
7	E06	p3.I.2 3/4	40.367	38,203.67	126,849.56	225,589.26
7	E07	p3.I.2 5/6	40.367	44,216.32	129,174.47	229,723.87
7	E08	p3.I.2 5/6	40.367	40,057.11	141,886.46	252,330.88
7	E09	p3.I.2 5/6	40.367	36,579.61	130,741.81	232,511.23
7	E10	p3.I.2 5/6	40.367	41,477.30	142,022.46	252,572.75
7	E11	p3.I.2 5/6	40.367	33,787.32	144,923.60	257,732.12
7	E12	p3.I.2 5/6	40.367	25,069.91	156,545.85	278,401.13
7	F01	p3.II.2 3/4	40.367	34,543.96	100,466.48	178,669.59
7	F02	p3.II.2 3/4	40.367	45,988.30	110,041.23	195,697.32
7	F03	p3.II.2 3/4	40.367	38,876.13	101,977.78	181,357.28
7	F04	p3.II.2 3/4	40.367	40,031.92	112,647.12	200,331.63
7	F05	p3.II.2 3/4	40.367	47,502.80	109,687.01	195,067.38
7	F06	p3.II.2 3/4	40.367	40,198.76	101,106.18	179,807.23
7	F07	p3.II.2 5/6	40.367	44,526.48	103,672.40	184,370.99
7	F08	p3.II.2 5/6	40.367	37,143.09	95,662.79	170,126.71
7	F09	p3.II.2 5/6	40.367	29,747.69	95,623.38	170,056.62
7	F10	p3.II.2 5/6	40.367	40,440.49	105,461.23	187,552.24
7	F11	p3.II.2 5/6	40.367	31,176.84	100,712.38	179,106.89
7	F12	p3.II.2 5/6	40.367	38,087.43	75,909.84	134,998.06
7	G01	p3.III.1 3/4	40.367	25,677.30	75,180.33	133,700.69
7	G02	p3.III.1 3/4	40.367	42,505.83	109,630.07	194,966.12
7	G03	p3.III.1 3/4	40.367	31,816.94	119,986.03	213,383.15
7	G04	p3.III.1 3/4	40.367	38,005.35	115,703.31	205,766.76
7	G05	p3.III.1 3/4	40.367	32,117.80	111,412.76	198,136.45
7	G06	p3.III.1 3/4	40.367	34,946.55	102,863.14	182,931.80
7	G07	p3.III.1 5/6	40.367	34,799.84	92,642.50	164,755.43
7	G08	p3.III.1 5/6	40.367	32,090.78	113,115.83	201,165.19
7	G09	p3.III.1 5/6	40.367	34,365.08	121,035.14	215,248.90
7	G10	p3.III.1 5/6	40.367	46,822.77	116,905.87	207,905.40
7	G11	p3.III.1 5/6	40.367	27,103.16	102,288.13	181,909.21
7	G12	p3.III.1 5/6	40.367	27,789.23	132,559.49	235,743.81
7	H01	Background	40.367	0	0	0
7	H02	Background	40.367	0	0	0
7	H03	Background	40.367	0	0	0
7	H04	Background	40.367	0	0	0
7	H05	Background	40.367	0	0	0
7	H06	Background	40.367	0	0	0
7	H07	Background	40.367	0	0	0
7	H08	Background	40.367	0	0	0
7	H09	Background	40.367	0	0	0
7	H10	Background	40.367	0	0	0
7	H11	Background	40.367	0	0	0
7	H12	Background	40.367	0	0	0
8	A01	Background	46.975	0	0	0
8	A02	Background	46.975	0	0	0
8	A03	Background	46.975	0	0	0
8	A04	Background	46.975	0	0	0
8	A05	Background	46.975	0	0	0
8	A06	Background	46.975	0	0	0
8	A07	Background	46.975	0	0	0
8	A08	Background	46.975	0	0	0
8	A09	Background	46.975	0	0	0
8	A10	Background	46.975	0	0	0
8	A11	Background	46.975	0	0	0
8	A12	Background	46.975	0	0	0
8	B01	c1 3/4	46.975	222,060.16	127,641.20	226,997.12
8	B02	c1 3/4	46.975	244,931.45	116,184.91	206,623.25
8	B03	c1 3/4	46.975	218,113.20	168,420.57	299,519.14
8	B04	c1 3/4	46.975	239,094.67	128,614.44	228,727.92
8	B05	c1 3/4	46.975	232,925.99	111,126.03	197,626.54
8	B06	c1 3/4	46.975	255,501.85	129,660.75	230,588.68
8	B07	c1 5/6	46.975	228,047.35	121,938.53	216,855.48
8	B08	c1 5/6	46.975	241,248.47	111,500.13	198,291.83
8	B09	c1 5/6	46.975	262,058.48	128,705.44	228,889.76
8	B10	c1 5/6	46.975	253,417.16	129,100.54	229,592.40
8	B11	c1 5/6	46.975	247,201.13	115,255.87	204,971.05
8	B12	c1 5/6	46.975	227,250.00	137,421.04	244,389.57
8	C01	c3 3/4	46.975	208,820.59	74,831.14	133,079.70
8	C02	c3 3/4	46.975	200,708.83	125,221.91	222,694.65
8	C03	c3 3/4	46.975	187,309.29	123,279.44	219,240.16
8	C04	c3 3/4	46.975	218,302.93	97,792.87	173,914.83
8	C05	c3 3/4	46.975	223,216.86	83,130.42	147,839.15
8	C06	c3 3/4	46.975	238,514.25	83,903.55	149,214.07
8	C07	c3 5/6	46.975	229,170.68	78,355.63	139,347.65
8	C08	c3 5/6	46.975	181,109.27	122,853.98	218,483.51
8	C09	c3 5/6	46.975	195,990.38	118,714.40	211,121.68
8	C10	c3 5/6	46.975	224,113.74	98,213.80	174,663.42
8	C11	c3 5/6	46.975	270,088.73	111,439.93	198,184.76
8	C12	c3 5/6	46.975	183,242.87	135,328.65	240,668.46
8	D01	c2 3/4	46.975	225,529.91	106,886.84	190,087.55
8	D02	c2 3/4	46.975	196,603.01	124,441.36	221,306.52
8	D03	c2 3/4	46.975	240,503.51	93,906.72	167,003.71
8	D04	c2 3/4	46.975	216,530.99	99,438.46	176,841.36
8	D05	c2 3/4	46.975	233,267.56	110,270.92	196,105.81
8	D06	c2 3/4	46.975	226,723.61	104,126.51	185,178.59
8	D07	c2 5/6	46.975	243,226.94	87,460.50	155,539.76
8	D08	c2 5/6	46.975	183,359.73	110,151.04	195,892.61
8	D09	c2 5/6	46.975	228,298.33	108,894.67	193,658.27
8	D10	c2 5/6	46.975	209,382.19	118,013.43	209,875.08
8	D11	c2 5/6	46.975	223,071.83	110,550.07	196,602.24
8	D12	c2 5/6	46.975	240,280.10	98,724.57	175,571.77
8	E01	p3.I.2 3/4	46.975	176,256.34	136,259.58	242,324.04
8	E02	p3.I.2 3/4	46.975	163,110.17	146,725.17	260,936.03
8	E03	p3.I.2 3/4	46.975	213,843.13	138,648.10	246,571.78
8	E04	p3.I.2 3/4	46.975	187,357.39	148,097.18	263,376.03
8	E05	p3.I.2 3/4	46.975	164,749.59	132,293.97	235,271.60
8	E06	p3.I.2 3/4	46.975	187,021.36	98,014.18	174,308.42
8	E07	p3.I.2 5/6	46.975	193,471.89	115,217.93	204,903.57
8	E08	p3.I.2 5/6	46.975	189,469.15	127,600.67	226,925.03
8	E09	p3.I.2 5/6	46.975	188,425.18	112,599.39	200,246.76
8	E10	p3.I.2 5/6	46.975	182,535.02	126,896.41	225,672.57
8	E11	p3.I.2 5/6	46.975	148,665.91	129,289.01	229,927.57
8	E12	p3.I.2 5/6	46.975	171,418.33	130,908.37	232,807.44
8	F01	p3.II.2 3/4	46.975	159,785.71	97,484.08	173,365.68
8	F02	p3.II.2 3/4	46.975	170,455.39	108,148.42	192,331.14
8	F03	p3.II.2 3/4	46.975	201,115.86	92,422.84	164,364.77
8	F04	p3.II.2 3/4	46.975	157,840.32	105,061.08	186,840.63
8	F05	p3.II.2 3/4	46.975	189,869.56	98,945.88	175,965.35
8	F06	p3.II.2 3/4	46.975	184,030.15	96,695.24	171,962.81
8	F07	p3.II.2 5/6	46.975	185,719.35	99,321.77	176,633.84
8	F08	p3.II.2 5/6	46.975	198,254.01	88,619.66	157,601.21
8	F09	p3.II.2 5/6	46.975	210,101.91	99,458.91	176,877.72
8	F10	p3.II.2 5/6	46.975	192,251.88	96,655.36	171,891.88
8	F11	p3.II.2 5/6	46.975	170,504.36	94,121.38	167,385.46
8	F12	p3.II.2 5/6	46.975	181,680.80	72,258.50	128,504.51
8	G01	p3.III.1 3/4	46.975	130,775.79	73,258.56	130,283.02
8	G02	p3.III.1 3/4	46.975	160,006.71	108,474.59	192,911.21
8	G03	p3.III.1 3/4	46.975	162,517.99	113,420.80	201,707.55
8	G04	p3.III.1 3/4	46.975	166,854.47	113,768.33	202,325.60
8	G05	p3.III.1 3/4	46.975	154,290.17	108,718.41	193,344.81
8	G06	p3.III.1 3/4	46.975	168,409.14	103,499.25	184,063.06
8	G07	p3.III.1 5/6	46.975	161,585.00	87,722.34	156,005.40
8	G08	p3.III.1 5/6	46.975	160,039.44	109,357.21	194,480.86
8	G09	p3.III.1 5/6	46.975	171,427.97	122,608.47	218,046.90
8	G10	p3.III.1 5/6	46.975	181,004.43	115,646.56	205,665.84
8	G11	p3.III.1 5/6	46.975	166,040.28	95,464.64	169,774.31
8	G12	p3.III.1 5/6	46.975	191,100.31	124,325.65	221,100.73
8	H01	Background	46.975	0	0	0
8	H02	Background	46.975	0	0	0
8	H03	Background	46.975	0	0	0
8	H04	Background	46.975	0	0	0
8	H05	Background	46.975	0	0	0
8	H06	Background	46.975	0	0	0
8	H07	Background	46.975	0	0	0
8	H08	Background	46.975	0	0	0
8	H09	Background	46.975	0	0	0
8	H10	Background	46.975	0	0	0
8	H11	Background	46.975	0	0	0
8	H12	Background	46.975	0	0	0
9	A01	Background	53.49	0	0	0
9	A02	Background	53.49	0	0	0
9	A03	Background	53.49	0	0	0
9	A04	Background	53.49	0	0	0
9	A05	Background	53.49	0	0	0
9	A06	Background	53.49	0	0	0
9	A07	Background	53.49	0	0	0
9	A08	Background	53.49	0	0	0
9	A09	Background	53.49	0	0	0
9	A10	Background	53.49	0	0	0
9	A11	Background	53.49	0	0	0
9	A12	Background	53.49	0	0	0
9	B01	c1 3/4	53.49	234,509.07	134,563.31	239,307.40
9	B02	c1 3/4	53.49	243,330.16	126,943.49	225,756.30
9	B03	c1 3/4	53.49	226,074.98	167,946.35	298,675.79
9	B04	c1 3/4	53.49	253,540.11	133,834.06	238,010.48
9	B05	c1 3/4	53.49	259,564.34	123,777.75	220,126.35
9	B06	c1 3/4	53.49	265,345.22	138,554.22	246,404.83
9	B07	c1 5/6	53.49	251,741.06	134,243.74	238,739.08
9	B08	c1 5/6	53.49	268,384.63	130,733.03	232,495.62
9	B09	c1 5/6	53.49	275,853.44	145,339.85	258,472.40
9	B10	c1 5/6	53.49	250,537.00	140,568.41	249,986.87
9	B11	c1 5/6	53.49	256,196.05	126,592.94	225,132.89
9	B12	c1 5/6	53.49	238,886.90	144,444.60	256,880.28
9	C01	c3 3/4	53.49	219,931.92	82,615.97	146,924.25
9	C02	c3 3/4	53.49	225,951.96	131,966.53	234,689.28
9	C03	c3 3/4	53.49	206,262.51	136,731.99	243,164.16
9	C04	c3 3/4	53.49	228,017.87	107,981.72	192,034.69
9	C05	c3 3/4	53.49	225,286.56	110,072.39	195,752.74
9	C06	c3 3/4	53.49	251,095.86	112,407.80	199,906.02
9	C07	c3 5/6	53.49	246,212.27	109,010.20	193,863.73
9	C08	c3 5/6	53.49	198,167.87	136,892.66	243,449.91
9	C09	c3 5/6	53.49	218,981.37	133,151.91	236,797.36
9	C10	c3 5/6	53.49	231,361.52	116,416.85	207,035.73
9	C11	c3 5/6	53.49	253,611.32	121,015.68	215,214.28
9	C12	c3 5/6	53.49	205,693.64	143,375.27	254,978.58
9	D01	c2 3/4	53.49	211,571.61	111,062.94	197,514.34
9	D02	c2 3/4	53.49	200,083.47	118,415.04	210,589.31
9	D03	c2 3/4	53.49	223,515.82	99,889.67	177,643.80
9	D04	c2 3/4	53.49	209,002.94	102,084.80	181,547.60
9	D05	c2 3/4	53.49	225,713.27	113,347.14	201,576.56
9	D06	c2 3/4	53.49	224,423.66	108,122.33	192,284.75
9	D07	c2 5/6	53.49	251,165.04	102,974.29	183,129.47
9	D08	c2 5/6	53.49	199,241.28	111,256.08	197,857.81
9	D09	c2 5/6	53.49	230,993.38	110,502.49	196,517.63
9	D10	c2 5/6	53.49	211,877.99	118,293.75	210,373.60
9	D11	c2 5/6	53.49	223,094.63	115,528.02	205,455.03
9	D12	c2 5/6	53.49	225,818.10	104,046.46	185,036.22
9	E01	p3.I.2 3/4	53.49	182,054.86	142,109.84	252,728.14
9	E02	p3.I.2 3/4	53.49	171,845.64	143,251.62	254,758.68
9	E03	p3.I.2 3/4	53.49	203,769.90	144,466.86	256,919.86
9	E04	p3.I.2 3/4	53.49	197,420.61	142,693.74	253,766.55
9	E05	p3.I.2 3/4	53.49	173,605.85	133,446.47	237,321.20
9	E06	p3.I.2 3/4	53.49	181,610.90	111,844.07	198,903.50
9	E07	p3.I.2 5/6	53.49	200,262.19	119,475.50	212,475.23
9	E08	p3.I.2 5/6	53.49	196,794.68	134,903.00	239,911.49
9	E09	p3.I.2 5/6	53.49	174,021.78	127,131.41	226,090.50
9	E10	p3.I.2 5/6	53.49	185,661.46	132,708.89	236,009.49
9	E11	p3.I.2 5/6	53.49	147,329.55	136,396.48	242,567.50
9	E12	p3.I.2 5/6	53.49	162,732.51	140,624.72	250,087.00
9	F01	p3.II.2 3/4	53.49	165,876.01	106,107.37	188,701.35
9	F02	p3.II.2 3/4	53.49	178,830.38	112,561.43	200,179.24
9	F03	p3.II.2 3/4	53.49	210,194.30	99,940.56	177,734.29
9	F04	p3.II.2 3/4	53.49	169,558.61	110,636.99	196,756.82
9	F05	p3.II.2 3/4	53.49	193,655.40	105,296.83	187,259.89
9	F06	p3.II.2 3/4	53.49	193,678.17	102,956.82	183,098.42
9	F07	p3.II.2 5/6	53.49	205,793.96	106,718.40	189,788.00
9	F08	p3.II.2 5/6	53.49	217,331.00	97,613.20	173,595.31
9	F09	p3.II.2 5/6	53.49	212,690.15	104,929.80	186,607.15
9	F10	p3.II.2 5/6	53.49	197,385.10	110,759.35	196,974.44
9	F11	p3.II.2 5/6	53.49	178,884.81	104,479.62	185,806.55
9	F12	p3.II.2 5/6	53.49	193,818.16	80,184.41	142,599.96
9	G01	p3.III.1 3/4	53.49	141,729.71	81,169.05	144,351.05
9	G02	p3.III.1 3/4	53.49	170,639.23	112,046.72	199,263.88
9	G03	p3.III.1 3/4	53.49	171,014.99	118,370.30	210,509.73
9	G04	p3.III.1 3/4	53.49	177,875.07	114,735.98	204,046.47
9	G05	p3.III.1 3/4	53.49	163,692.09	110,330.20	196,211.22
9	G06	p3.III.1 3/4	53.49	172,619.88	105,454.35	187,540.01
9	G07	p3.III.1 5/6	53.49	169,588.01	96,563.14	171,727.90
9	G08	p3.III.1 5/6	53.49	175,373.07	111,248.94	197,845.12
9	G09	p3.III.1 5/6	53.49	193,243.97	120,181.27	213,730.37
9	G10	p3.III.1 5/6	53.49	181,120.63	120,327.77	213,990.91
9	G11	p3.III.1 5/6	53.49	163,306.26	103,077.36	183,312.77
9	G12	p3.III.1 5/6	53.49	177,285.12	129,784.52	230,808.80
9	H01	Background	53.49	0	0	0
9	H02	Background	53.49	0	0	0
9	H03	Background	53.49	0	0	0
9	H04	Background	53.49	0	0	0
9	H05	Background	53.49	0	0	0
9	H06	Background	53.49	0	0	0
9	H07	Background	53.49	0	0	0
9	H08	Background	53.49	0	0	0
9	H09	Background	53.49	0	0	0
9	H10	Background	53.49	0	0	0
9	H11	Background	53.49	0	0	0
9	H12	Background	53.49	0	0	0
10	A01	Background	59.988	0	0	0
10	A02	Background	59.988	0	0	0
10	A03	Background	59.988	0	0	0
10	A04	Background	59.988	0	0	0
10	A05	Background	59.988	0	0	0
10	A06	Background	59.988	0	0	0
10	A07	Background	59.988	0	0	0
10	A08	Background	59.988	0	0	0
10	A09	Background	59.988	0	0	0
10	A10	Background	59.988	0	0	0
10	A11	Background	59.988	0	0	0
10	A12	Background	59.988	0	0	0
10	B01	c1 3/4	59.988	252,171.75	140,865.53	250,515.25
10	B02	c1 3/4	59.988	269,650.02	132,792.90	236,158.89
10	B03	c1 3/4	59.988	229,874.47	168,113.37	298,972.82
10	B04	c1 3/4	59.988	267,230.33	137,665.04	244,823.51
10	B05	c1 3/4	59.988	278,187.58	130,731.91	232,493.62
10	B06	c1 3/4	59.988	278,516.18	144,445.77	256,882.36
10	B07	c1 5/6	59.988	265,430.49	140,768.93	250,343.47
10	B08	c1 5/6	59.988	275,649.91	136,328.61	242,446.80
10	B09	c1 5/6	59.988	279,361.54	151,514.05	269,452.59
10	B10	c1 5/6	59.988	253,376.89	144,389.58	256,782.43
10	B11	c1 5/6	59.988	259,658.83	130,570.35	232,206.31
10	B12	c1 5/6	59.988	247,185.62	152,382.41	270,996.88
10	C01	c3 3/4	59.988	239,190.17	96,940.82	172,399.56
10	C02	c3 3/4	59.988	247,955.03	140,285.63	249,483.96
10	C03	c3 3/4	59.988	218,828.07	143,564.43	255,314.98
10	C04	c3 3/4	59.988	239,696.62	119,574.17	212,650.70
10	C05	c3 3/4	59.988	245,477.75	122,662.74	218,143.41
10	C06	c3 3/4	59.988	264,146.87	127,307.50	226,403.65
10	C07	c3 5/6	59.988	261,281.73	122,114.21	217,167.91
10	C08	c3 5/6	59.988	216,132.35	142,980.83	254,277.12
10	C09	c3 5/6	59.988	235,350.21	140,744.01	250,299.14
10	C10	c3 5/6	59.988	247,824.45	125,163.87	222,591.43
10	C11	c3 5/6	59.988	251,459.15	127,496.93	226,740.54
10	C12	c3 5/6	59.988	230,538.46	149,064.17	265,095.72
10	D01	c2 3/4	59.988	231,856.24	117,767.16	209,437.12
10	D02	c2 3/4	59.988	218,897.34	119,895.83	213,222.74
10	D03	c2 3/4	59.988	238,364.09	107,531.28	191,233.63
10	D04	c2 3/4	59.988	228,366.79	107,440.90	191,072.89
10	D05	c2 3/4	59.988	242,330.19	117,087.44	208,228.31
10	D06	c2 3/4	59.988	244,855.82	113,487.57	201,826.30
10	D07	c2 5/6	59.988	265,826.59	109,609.53	194,929.58
10	D08	c2 5/6	59.988	217,136.94	115,554.66	205,502.41
10	D09	c2 5/6	59.988	242,958.84	114,234.13	203,153.98
10	D10	c2 5/6	59.988	230,028.05	123,263.50	219,211.80
10	D11	c2 5/6	59.988	230,895.89	119,780.93	213,018.40
10	D12	c2 5/6	59.988	244,412.15	107,872.42	191,840.31
10	E01	p3.I.2 3/4	59.988	196,086.27	151,943.91	270,217.05
10	E02	p3.I.2 3/4	59.988	183,816.02	145,910.34	259,486.96
10	E03	p3.I.2 3/4	59.988	213,069.79	150,242.79	267,191.78
10	E04	p3.I.2 3/4	59.988	213,495.88	145,842.37	259,366.07
10	E05	p3.I.2 3/4	59.988	192,833.60	136,889.21	243,443.77
10	E06	p3.I.2 3/4	59.988	193,291.24	119,157.28	211,909.31
10	E07	p3.I.2 5/6	59.988	208,981.47	126,714.31	225,348.73
10	E08	p3.I.2 5/6	59.988	207,831.29	140,595.54	250,035.11
10	E09	p3.I.2 5/6	59.988	183,371.31	136,392.95	242,561.22
10	E10	p3.I.2 5/6	59.988	198,899.99	138,585.79	246,460.97
10	E11	p3.I.2 5/6	59.988	158,763.86	140,739.82	250,291.70
10	E12	p3.I.2 5/6	59.988	178,057.17	146,397.06	260,352.54
10	F01	p3.II.2 3/4	59.988	181,224.10	112,167.14	199,478.05
10	F02	p3.II.2 3/4	59.988	198,498.72	118,020.04	209,886.85
10	F03	p3.II.2 3/4	59.988	223,473.75	109,543.75	194,812.61
10	F04	p3.II.2 3/4	59.988	189,970.09	117,144.29	208,329.41
10	F05	p3.II.2 3/4	59.988	216,943.95	111,868.20	198,946.40
10	F06	p3.II.2 3/4	59.988	212,325.59	109,048.82	193,932.42
10	F07	p3.II.2 5/6	59.988	226,547.49	112,348.52	199,800.61
10	F08	p3.II.2 5/6	59.988	228,320.90	104,153.77	185,227.07
10	F09	p3.II.2 5/6	59.988	216,678.90	110,030.84	195,678.84
10	F10	p3.II.2 5/6	59.988	211,722.50	117,426.82	208,831.86
10	F11	p3.II.2 5/6	59.988	194,663.33	109,860.73	195,376.32
10	F12	p3.II.2 5/6	59.988	207,066.28	83,241.33	148,036.39
10	G01	p3.III.1 3/4	59.988	157,911.33	81,254.39	144,502.81
10	G02	p3.III.1 3/4	59.988	189,040.57	115,329.83	205,102.57
10	G03	p3.III.1 3/4	59.988	186,189.41	121,614.32	216,278.90
10	G04	p3.III.1 3/4	59.988	195,849.46	119,308.73	212,178.65
10	G05	p3.III.1 3/4	59.988	182,732.50	114,325.53	203,316.52
10	G06	p3.III.1 3/4	59.988	191,951.98	109,699.55	195,089.68
10	G07	p3.III.1 5/6	59.988	190,773.79	98,534.38	175,233.54
10	G08	p3.III.1 5/6	59.988	192,768.10	115,662.26	205,693.76
10	G09	p3.III.1 5/6	59.988	211,903.83	125,008.14	222,314.48
10	G10	p3.III.1 5/6	59.988	193,990.07	126,052.46	224,171.70
10	G11	p3.III.1 5/6	59.988	169,191.05	105,749.52	188,064.94
10	G12	p3.III.1 5/6	59.988	186,302.99	133,657.76	237,696.96
10	H01	Background	59.988	0	0	0
10	H02	Background	59.988	0	0	0
10	H03	Background	59.988	0	0	0
10	H04	Background	59.988	0	0	0
10	H05	Background	59.988	0	0	0
10	H06	Background	59.988	0	0	0
10	H07	Background	59.988	0	0	0
10	H08	Background	59.988	0	0	0
10	H09	Background	59.988	0	0	0
10	H10	Background	59.988	0	0	0
10	H11	Background	59.988	0	0	0
10	H12	Background	59.988	0	0	0
11	A01	Background	66.608	0	0	0
11	A02	Background	66.608	0	0	0
11	A03	Background	66.608	0	0	0
11	A04	Background	66.608	0	0	0
11	A05	Background	66.608	0	0	0
11	A06	Background	66.608	0	0	0
11	A07	Background	66.608	0	0	0
11	A08	Background	66.608	0	0	0
11	A09	Background	66.608	0	0	0
11	A10	Background	66.608	0	0	0
11	A11	Background	66.608	0	0	0
11	A12	Background	66.608	0	0	0
11	B01	c1 3/4	66.608	246,775.12	153,881.08	273,662.11
11	B02	c1 3/4	66.608	277,392.08	143,327.23	254,893.15
11	B03	c1 3/4	66.608	212,876.54	181,514.56	322,805.50
11	B04	c1 3/4	66.608	267,294.28	154,126.11	274,097.87
11	B05	c1 3/4	66.608	272,511.41	137,521.33	244,567.94
11	B06	c1 3/4	66.608	266,539.76	154,510.92	274,782.23
11	B07	c1 5/6	66.608	254,423.01	151,583.58	269,576.23
11	B08	c1 5/6	66.608	251,911.55	140,398.25	249,684.24
11	B09	c1 5/6	66.608	265,688.01	158,472.14	281,826.86
11	B10	c1 5/6	66.608	241,844.39	147,572.63	262,443.16
11	B11	c1 5/6	66.608	245,106.48	135,564.86	241,088.55
11	B12	c1 5/6	66.608	238,898.55	163,799.74	291,301.45
11	C01	c3 3/4	66.608	247,257.72	102,049.06	181,484.05
11	C02	c3 3/4	66.608	268,168.83	146,803.54	261,075.42
11	C03	c3 3/4	66.608	254,178.26	149,845.83	266,485.83
11	C04	c3 3/4	66.608	263,630.63	124,596.03	221,581.59
11	C05	c3 3/4	66.608	271,987.88	111,427.44	198,162.56
11	C06	c3 3/4	66.608	280,560.36	106,064.95	188,625.91
11	C07	c3 5/6	66.608	274,049.87	111,381.24	198,080.39
11	C08	c3 5/6	66.608	258,685.25	145,470.41	258,704.58
11	C09	c3 5/6	66.608	250,724.82	144,270.56	256,570.76
11	C10	c3 5/6	66.608	268,251.18	120,050.89	213,498.51
11	C11	c3 5/6	66.608	262,159.61	126,636.61	225,210.55
11	C12	c3 5/6	66.608	250,317.84	154,274.24	274,361.30
11	D01	c2 3/4	66.608	240,198.73	119,771.41	213,001.47
11	D02	c2 3/4	66.608	254,014.13	136,890.62	243,446.27
11	D03	c2 3/4	66.608	247,555.56	114,769.20	204,105.54
11	D04	c2 3/4	66.608	257,657.04	116,244.06	206,728.44
11	D05	c2 3/4	66.608	267,451.94	128,127.91	227,862.67
11	D06	c2 3/4	66.608	279,575.21	122,370.67	217,624.00
11	D07	c2 5/6	66.608	287,298.05	110,664.59	196,805.91
11	D08	c2 5/6	66.608	246,149.24	128,606.39	228,713.60
11	D09	c2 5/6	66.608	258,350.57	125,694.59	223,535.27
11	D10	c2 5/6	66.608	255,360.11	135,638.57	241,219.63
11	D11	c2 5/6	66.608	240,315.38	128,846.86	229,141.25
11	D12	c2 5/6	66.608	249,870.78	112,570.07	200,194.62
11	E01	p3.I.2 3/4	66.608	192,907.82	156,277.11	277,923.22
11	E02	p3.I.2 3/4	66.608	183,587.19	162,557.09	289,091.54
11	E03	p3.I.2 3/4	66.608	226,572.43	162,204.26	288,464.05
11	E04	p3.I.2 3/4	66.608	231,756.48	156,669.95	278,621.84
11	E05	p3.I.2 3/4	66.608	216,240.53	144,668.08	257,277.72
11	E06	p3.I.2 3/4	66.608	209,123.08	121,046.45	215,269.00
11	E07	p3.I.2 5/6	66.608	220,573.02	133,432.07	237,295.60
11	E08	p3.I.2 5/6	66.608	220,531.26	143,849.58	255,822.09
11	E09	p3.I.2 5/6	66.608	203,011.96	137,277.65	244,134.57
11	E10	p3.I.2 5/6	66.608	216,976.29	149,340.98	265,588.00
11	E11	p3.I.2 5/6	66.608	165,819.80	149,399.32	265,691.74
11	E12	p3.I.2 5/6	66.608	191,319.82	147,795.52	262,839.56
11	F01	p3.II.2 3/4	66.608	186,831.48	115,442.52	205,302.98
11	F02	p3.II.2 3/4	66.608	212,423.97	126,553.21	225,062.23
11	F03	p3.II.2 3/4	66.608	229,611.72	113,253.46	201,409.95
11	F04	p3.II.2 3/4	66.608	216,560.51	123,465.06	219,570.26
11	F05	p3.II.2 3/4	66.608	248,388.04	114,996.51	204,509.79
11	F06	p3.II.2 3/4	66.608	231,283.36	116,668.41	207,483.10
11	F07	p3.II.2 5/6	66.608	247,618.25	118,980.88	211,595.59
11	F08	p3.II.2 5/6	66.608	230,426.68	107,066.77	190,407.55
11	F09	p3.II.2 5/6	66.608	216,354.49	116,200.84	206,651.57
11	F10	p3.II.2 5/6	66.608	224,573.71	117,531.20	209,017.49
11	F11	p3.II.2 5/6	66.608	215,113.33	112,094.38	199,348.64
11	F12	p3.II.2 5/6	66.608	211,576.96	88,971.63	158,227.15
11	G01	p3.III.1 3/4	66.608	157,949.92	79,304.06	141,034.34
11	G02	p3.III.1 3/4	66.608	201,182.33	118,411.33	210,582.70
11	G03	p3.III.1 3/4	66.608	185,146.41	124,655.67	221,687.64
11	G04	p3.III.1 3/4	66.608	208,200.51	125,773.87	223,676.25
11	G05	p3.III.1 3/4	66.608	196,667.88	118,267.99	210,327.80
11	G06	p3.III.1 3/4	66.608	204,110.93	115,288.48	205,029.04
11	G07	p3.III.1 5/6	66.608	205,666.07	97,306.84	173,050.49
11	G08	p3.III.1 5/6	66.608	205,866.40	122,189.40	217,301.63
11	G09	p3.III.1 5/6	66.608	221,712.15	134,981.09	240,050.37
11	G10	p3.III.1 5/6	66.608	202,561.07	131,020.72	233,007.24
11	G11	p3.III.1 5/6	66.608	180,418.95	107,365.78	190,939.30
11	G12	p3.III.1 5/6	66.608	196,104.39	136,500.78	242,752.98
11	H01	Background	66.608	0	0	0
11	H02	Background	66.608	0	0	0
11	H03	Background	66.608	0	0	0
11	H04	Background	66.608	0	0	0
11	H05	Background	66.608	0	0	0
11	H06	Background	66.608	0	0	0
11	H07	Background	66.608	0	0	0
11	H08	Background	66.608	0	0	0
11	H09	Background	66.608	0	0	0
11	H10	Background	66.608	0	0	0
11	H11	Background	66.608	0	0	0
11	H12	Background	66.608	0	0	0
12	A01	Background	73.071	0	0	0
12	A02	Background	73.071	0	0	0
12	A03	Background	73.071	0	0	0
12	A04	Background	73.071	0	0	0
12	A05	Background	73.071	0	0	0
12	A06	Background	73.071	0	0	0
12	A07	Background	73.071	0	0	0
12	A08	Background	73.071	0	0	0
12	A09	Background	73.071	0	0	0
12	A10	Background	73.071	0	0	0
12	A11	Background	73.071	0	0	0
12	A12	Background	73.071	0	0	0
12	B01	c1 3/4	73.071	254,174.28	152,430.59	271,082.57
12	B02	c1 3/4	73.071	280,637.29	152,343.77	270,928.17
12	B03	c1 3/4	73.071	211,997.36	180,425.90	320,869.43
12	B04	c1 3/4	73.071	270,349.34	153,594.88	273,153.13
12	B05	c1 3/4	73.071	269,362.36	142,345.03	253,146.40
12	B06	c1 3/4	73.071	266,008.73	153,694.98	273,331.16
12	B07	c1 5/6	73.071	249,558.04	149,377.66	265,653.23
12	B08	c1 5/6	73.071	249,017.12	142,792.80	253,942.72
12	B09	c1 5/6	73.071	264,985.43	159,027.34	282,814.22
12	B10	c1 5/6	73.071	238,350.91	151,486.96	269,404.41
12	B11	c1 5/6	73.071	242,378.55	139,658.26	248,368.24
12	B12	c1 5/6	73.071	235,052.49	164,779.98	293,044.72
12	C01	c3 3/4	73.071	248,260.62	109,662.26	195,023.36
12	C02	c3 3/4	73.071	272,790.17	148,107.02	263,393.52
12	C03	c3 3/4	73.071	267,522.30	147,751.76	262,761.74
12	C04	c3 3/4	73.071	268,609.01	123,595.90	219,802.95
12	C05	c3 3/4	73.071	276,761.86	120,996.84	215,180.79
12	C06	c3 3/4	73.071	284,210.45	114,914.94	204,364.73
12	C07	c3 5/6	73.071	281,460.33	119,784.65	213,025.02
12	C08	c3 5/6	73.071	274,958.75	146,213.71	260,026.46
12	C09	c3 5/6	73.071	259,517.62	142,456.31	253,344.30
12	C10	c3 5/6	73.071	266,608.85	120,058.72	213,512.43
12	C11	c3 5/6	73.071	264,018.77	129,270.86	229,895.31
12	C12	c3 5/6	73.071	257,902.84	154,947.11	275,557.95
12	D01	c2 3/4	73.071	246,706.82	119,780.38	213,017.43
12	D02	c2 3/4	73.071	258,499.48	134,890.19	239,888.71
12	D03	c2 3/4	73.071	251,994.21	116,775.76	207,674.00
12	D04	c2 3/4	73.071	257,837.37	117,210.73	208,447.57
12	D05	c2 3/4	73.071	268,504.51	125,582.54	223,336.00
12	D06	c2 3/4	73.071	279,847.83	120,178.93	213,726.21
12	D07	c2 5/6	73.071	288,866.14	114,109.96	202,933.16
12	D08	c2 5/6	73.071	245,731.65	123,900.97	220,345.48
12	D09	c2 5/6	73.071	256,360.77	120,341.88	214,016.00
12	D10	c2 5/6	73.071	259,344.86	130,714.71	232,463.04
12	D11	c2 5/6	73.071	239,201.97	127,020.14	225,892.61
12	D12	c2 5/6	73.071	252,014.27	115,210.27	204,889.95
12	E01	p3.I.2 3/4	73.071	198,636.41	157,336.93	279,808.00
12	E02	p3.I.2 3/4	73.071	189,643.40	155,872.96	277,204.47
12	E03	p3.I.2 3/4	73.071	230,475.80	158,111.35	281,185.22
12	E04	p3.I.2 3/4	73.071	234,760.23	156,776.77	278,811.81
12	E05	p3.I.2 3/4	73.071	219,622.21	142,830.20	254,009.24
12	E06	p3.I.2 3/4	73.071	212,103.11	126,719.52	225,358.00
12	E07	p3.I.2 5/6	73.071	224,646.98	131,127.29	233,196.78
12	E08	p3.I.2 5/6	73.071	223,418.97	142,478.93	253,384.52
12	E09	p3.I.2 5/6	73.071	207,789.91	136,903.93	243,469.94
12	E10	p3.I.2 5/6	73.071	218,258.01	144,187.35	256,422.78
12	E11	p3.I.2 5/6	73.071	171,928.66	145,429.61	258,632.02
12	E12	p3.I.2 5/6	73.071	189,909.60	151,159.94	268,822.83
12	F01	p3.II.2 3/4	73.071	194,804.03	112,853.39	200,698.47
12	F02	p3.II.2 3/4	73.071	216,311.58	125,383.22	222,981.52
12	F03	p3.II.2 3/4	73.071	232,861.70	112,918.08	200,813.51
12	F04	p3.II.2 3/4	73.071	221,468.12	124,695.20	221,757.94
12	F05	p3.II.2 3/4	73.071	250,197.41	118,134.63	210,090.62
12	F06	p3.II.2 3/4	73.071	232,823.44	115,428.59	205,278.21
12	F07	p3.II.2 5/6	73.071	249,743.95	117,895.83	209,665.94
12	F08	p3.II.2 5/6	73.071	231,314.28	106,304.14	189,051.28
12	F09	p3.II.2 5/6	73.071	219,649.47	114,764.86	204,097.82
12	F10	p3.II.2 5/6	73.071	226,179.45	119,966.56	213,348.54
12	F11	p3.II.2 5/6	73.071	219,393.66	114,412.57	203,471.32
12	F12	p3.II.2 5/6	73.071	212,082.77	91,621.58	162,939.82
12	G01	p3.III.1 3/4	73.071	161,600.66	79,553.38	141,477.73
12	G02	p3.III.1 3/4	73.071	204,277.04	117,996.67	209,845.27
12	G03	p3.III.1 3/4	73.071	189,451.92	125,581.01	223,333.27
12	G04	p3.III.1 3/4	73.071	211,421.06	124,434.93	221,295.07
12	G05	p3.III.1 3/4	73.071	199,528.82	118,431.60	210,618.77
12	G06	p3.III.1 3/4	73.071	208,032.48	113,836.12	202,446.16
12	G07	p3.III.1 5/6	73.071	208,526.93	100,638.48	178,975.47
12	G08	p3.III.1 5/6	73.071	210,416.71	122,374.10	217,630.10
12	G09	p3.III.1 5/6	73.071	224,470.61	132,090.10	234,909.04
12	G10	p3.III.1 5/6	73.071	204,872.39	130,579.54	232,222.65
12	G11	p3.III.1 5/6	73.071	184,071.03	110,490.44	196,496.20
12	G12	p3.III.1 5/6	73.071	197,280.18	135,203.54	240,445.97
12	H01	Background	73.071	0	0	0
12	H02	Background	73.071	0	0	0
12	H03	Background	73.071	0	0	0
12	H04	Background	73.071	0	0	0
12	H05	Background	73.071	0	0	0
12	H06	Background	73.071	0	0	0
12	H07	Background	73.071	0	0	0
12	H08	Background	73.071	0	0	0
12	H09	Background	73.071	0	0	0
12	H10	Background	73.071	0	0	0
12	H11	Background	73.071	0	0	0
12	H12	Background	73.071	0	0	0
13	A01	Background	79.57	0	0	0
13	A02	Background	79.57	0	0	0
13	A03	Background	79.57	0	0	0
13	A04	Background	79.57	0	0	0
13	A05	Background	79.57	0	0	0
13	A06	Background	79.57	0	0	0
13	A07	Background	79.57	0	0	0
13	A08	Background	79.57	0	0	0
13	A09	Background	79.57	0	0	0
13	A10	Background	79.57	0	0	0
13	A11	Background	79.57	0	0	0
13	A12	Background	79.57	0	0	0
13	B01	c1 3/4	79.57	251,649.45	151,239.02	268,963.47
13	B02	c1 3/4	79.57	279,767.72	148,934.65	264,865.38
13	B03	c1 3/4	79.57	207,599.58	178,506.38	317,455.75
13	B04	c1 3/4	79.57	264,633.40	153,139.78	272,343.78
13	B05	c1 3/4	79.57	260,673.84	141,488.59	251,623.31
13	B06	c1 3/4	79.57	260,927.91	154,656.89	275,041.81
13	B07	c1 5/6	79.57	244,452.57	149,540.80	265,943.36
13	B08	c1 5/6	79.57	244,051.76	143,526.82	255,248.10
13	B09	c1 5/6	79.57	256,763.61	159,856.93	284,289.56
13	B10	c1 5/6	79.57	235,037.46	151,030.20	268,592.12
13	B11	c1 5/6	79.57	233,949.40	137,712.26	244,907.49
13	B12	c1 5/6	79.57	230,426.84	163,558.75	290,872.88
13	C01	c3 3/4	79.57	252,965.30	98,225.57	174,684.36
13	C02	c3 3/4	79.57	280,664.49	148,208.45	263,573.92
13	C03	c3 3/4	79.57	273,375.09	149,659.88	266,155.13
13	C04	c3 3/4	79.57	270,015.64	126,758.92	225,428.07
13	C05	c3 3/4	79.57	279,093.91	125,378.19	222,972.58
13	C06	c3 3/4	79.57	285,508.95	118,916.53	211,481.15
13	C07	c3 5/6	79.57	280,077.59	122,717.88	218,241.47
13	C08	c3 5/6	79.57	276,492.33	148,155.04	263,478.93
13	C09	c3 5/6	79.57	258,473.64	143,550.29	255,289.84
13	C10	c3 5/6	79.57	266,332.45	124,122.93	220,740.22
13	C11	c3 5/6	79.57	261,833.17	129,732.22	230,715.78
13	C12	c3 5/6	79.57	260,584.84	157,090.89	279,370.44
13	D01	c2 3/4	79.57	250,978.36	120,794.22	214,820.45
13	D02	c2 3/4	79.57	261,990.29	137,314.06	244,199.33
13	D03	c2 3/4	79.57	255,877.43	117,947.74	209,758.25
13	D04	c2 3/4	79.57	258,980.31	119,390.25	212,323.62
13	D05	c2 3/4	79.57	268,303.10	127,848.60	227,365.94
13	D06	c2 3/4	79.57	279,511.76	121,260.98	215,650.52
13	D07	c2 5/6	79.57	287,954.49	114,669.32	203,927.93
13	D08	c2 5/6	79.57	245,104.17	122,666.21	218,149.58
13	D09	c2 5/6	79.57	253,222.36	120,427.15	214,167.64
13	D10	c2 5/6	79.57	259,228.27	131,923.65	234,613.02
13	D11	c2 5/6	79.57	238,122.65	128,878.25	229,197.07
13	D12	c2 5/6	79.57	250,302.81	117,309.07	208,622.45
13	E01	p3.I.2 3/4	79.57	204,036.20	158,995.02	282,756.75
13	E02	p3.I.2 3/4	79.57	192,109.07	156,337.46	278,030.54
13	E03	p3.I.2 3/4	79.57	231,270.03	161,004.54	286,330.47
13	E04	p3.I.2 3/4	79.57	235,381.13	159,192.65	283,108.22
13	E05	p3.I.2 3/4	79.57	219,454.03	146,677.94	260,852.05
13	E06	p3.I.2 3/4	79.57	215,923.53	130,380.21	231,868.16
13	E07	p3.I.2 5/6	79.57	223,332.77	133,349.08	237,148.00
13	E08	p3.I.2 5/6	79.57	225,038.46	142,143.84	252,788.61
13	E09	p3.I.2 5/6	79.57	206,275.19	137,688.80	244,865.77
13	E10	p3.I.2 5/6	79.57	220,201.30	145,928.28	259,518.85
13	E11	p3.I.2 5/6	79.57	170,940.31	147,195.02	261,771.62
13	E12	p3.I.2 5/6	79.57	190,354.72	152,235.07	270,734.85
13	F01	p3.II.2 3/4	79.57	200,418.17	114,189.07	203,073.83
13	F02	p3.II.2 3/4	79.57	223,939.85	126,665.35	225,261.66
13	F03	p3.II.2 3/4	79.57	238,312.14	116,191.05	206,634.16
13	F04	p3.II.2 3/4	79.57	225,979.49	127,041.41	225,930.45
13	F05	p3.II.2 3/4	79.57	253,193.18	122,531.63	217,910.25
13	F06	p3.II.2 3/4	79.57	235,654.60	116,322.39	206,867.73
13	F07	p3.II.2 5/6	79.57	250,021.12	120,546.74	214,380.33
13	F08	p3.II.2 5/6	79.57	229,024.54	108,954.83	193,765.26
13	F09	p3.II.2 5/6	79.57	216,441.05	114,910.75	204,357.29
13	F10	p3.II.2 5/6	79.57	225,578.60	122,493.22	217,841.94
13	F11	p3.II.2 5/6	79.57	219,374.51	116,323.10	206,868.99
13	F12	p3.II.2 5/6	79.57	210,644.74	92,372.99	164,276.13
13	G01	p3.III.1 3/4	79.57	163,292.27	80,508.70	143,176.68
13	G02	p3.III.1 3/4	79.57	207,723.21	119,213.77	212,009.77
13	G03	p3.III.1 3/4	79.57	191,046.88	126,156.21	224,356.21
13	G04	p3.III.1 3/4	79.57	214,146.01	125,633.02	223,425.77
13	G05	p3.III.1 3/4	79.57	201,537.31	118,733.99	211,156.53
13	G06	p3.III.1 3/4	79.57	209,617.60	115,140.97	204,766.70
13	G07	p3.III.1 5/6	79.57	209,140.05	101,857.17	181,142.79
13	G08	p3.III.1 5/6	79.57	211,036.86	123,366.82	219,395.55
13	G09	p3.III.1 5/6	79.57	223,261.17	133,910.70	238,146.79
13	G10	p3.III.1 5/6	79.57	204,797.03	131,564.69	233,974.65
13	G11	p3.III.1 5/6	79.57	183,051.85	109,846.00	195,350.13
13	G12	p3.III.1 5/6	79.57	198,218.68	136,292.88	242,383.25
13	H01	Background	79.57	0	0	0
13	H02	Background	79.57	0	0	0
13	H03	Background	79.57	0	0	0
13	H04	Background	79.57	0	0	0
13	H05	Background	79.57	0	0	0
13	H06	Background	79.57	0	0	0
13	H07	Background	79.57	0	0	0
13	H08	Background	79.57	0	0	0
13	H09	Background	79.57	0	0	0
13	H10	Background	79.57	0	0	0
13	H11	Background	79.57	0	0	0
13	H12	Background	79.57	0	0	0
14	A01	Background	86.157	0	0	0
14	A02	Background	86.157	0	0	0
14	A03	Background	86.157	0	0	0
14	A04	Background	86.157	0	0	0
14	A05	Background	86.157	0	0	0
14	A06	Background	86.157	0	0	0
14	A07	Background	86.157	0	0	0
14	A08	Background	86.157	0	0	0
14	A09	Background	86.157	0	0	0
14	A10	Background	86.157	0	0	0
14	A11	Background	86.157	0	0	0
14	A12	Background	86.157	0	0	0
14	B01	c1 3/4	86.157	55,577.65	142,487.08	253,399.02
14	B02	c1 3/4	86.157	40,672.63	134,570.82	239,320.75
14	B03	c1 3/4	86.157	35,515.23	175,931.22	312,876.08
14	B04	c1 3/4	86.157	36,781.36	146,317.74	260,211.47
14	B05	c1 3/4	86.157	31,389.98	130,995.70	232,962.75
14	B06	c1 3/4	86.157	34,342.07	147,663.78	262,605.26
14	B07	c1 5/6	86.157	32,628.87	143,947.81	255,996.78
14	B08	c1 5/6	86.157	29,861.07	135,481.18	240,939.72
14	B09	c1 5/6	86.157	32,269.31	150,983.93	268,509.82
14	B10	c1 5/6	86.157	28,281.87	142,537.26	253,488.27
14	B11	c1 5/6	86.157	31,745.43	131,313.58	233,528.08
14	B12	c1 5/6	86.157	27,705.62	155,172.87	275,959.44
14	C01	c3 3/4	86.157	40,081.14	89,512.36	159,188.77
14	C02	c3 3/4	86.157	43,949.92	135,492.36	240,959.62
14	C03	c3 3/4	86.157	40,571.59	143,380.45	254,987.79
14	C04	c3 3/4	86.157	57,483.28	114,992.04	204,501.84
14	C05	c3 3/4	86.157	45,575.91	109,671.90	195,040.50
14	C06	c3 3/4	86.157	59,629.20	101,879.81	181,183.05
14	C07	c3 5/6	86.157	49,746.99	104,872.27	186,504.85
14	C08	c3 5/6	86.157	46,634.68	149,236.80	265,402.72
14	C09	c3 5/6	86.157	38,802.90	133,725.40	237,817.25
14	C10	c3 5/6	86.157	46,761.20	114,119.12	202,949.44
14	C11	c3 5/6	86.157	38,632.14	120,162.00	213,696.10
14	C12	c3 5/6	86.157	26,005.48	150,431.50	267,527.37
14	D01	c2 3/4	86.157	34,794.93	105,331.06	187,320.76
14	D02	c2 3/4	86.157	33,841.64	123,902.92	220,348.94
14	D03	c2 3/4	86.157	46,008.49	99,196.86	176,411.70
14	D04	c2 3/4	86.157	38,976.56	106,647.95	189,662.72
14	D05	c2 3/4	86.157	42,121.50	119,563.32	212,631.40
14	D06	c2 3/4	86.157	37,931.19	111,254.10	197,854.29
14	D07	c2 5/6	86.157	44,345.84	98,244.39	174,717.82
14	D08	c2 5/6	86.157	24,251.51	120,857.17	214,932.39
14	D09	c2 5/6	86.157	31,071.45	114,709.20	203,998.83
14	D10	c2 5/6	86.157	33,471.31	124,591.13	221,572.87
14	D11	c2 5/6	86.157	25,908.91	117,899.05	209,671.66
14	D12	c2 5/6	86.157	22,297.81	101,189.29	179,955.04
14	E01	p3.I.2 3/4	86.157	31,209.79	158,409.24	281,714.99
14	E02	p3.I.2 3/4	86.157	33,181.26	166,828.46	296,687.74
14	E03	p3.I.2 3/4	86.157	37,430.79	165,427.13	294,195.61
14	E04	p3.I.2 3/4	86.157	40,851.20	164,657.24	292,826.43
14	E05	p3.I.2 3/4	86.157	38,902.38	156,510.12	278,337.60
14	E06	p3.I.2 3/4	86.157	36,466.71	124,683.61	221,737.34
14	E07	p3.I.2 5/6	86.157	38,437.41	135,101.30	240,264.15
14	E08	p3.I.2 5/6	86.157	33,694.50	151,345.18	269,152.28
14	E09	p3.I.2 5/6	86.157	30,581.74	140,664.70	250,158.09
14	E10	p3.I.2 5/6	86.157	39,366.93	150,934.13	268,421.25
14	E11	p3.I.2 5/6	86.157	25,055.52	154,661.31	275,049.67
14	E12	p3.I.2 5/6	86.157	17,422.50	154,399.80	274,584.60
14	F01	p3.II.2 3/4	86.157	31,164.63	109,565.86	194,851.93
14	F02	p3.II.2 3/4	86.157	34,622.43	124,219.82	220,912.53
14	F03	p3.II.2 3/4	86.157	33,405.35	107,861.03	191,820.05
14	F04	p3.II.2 3/4	86.157	30,992.19	127,121.80	226,073.41
14	F05	p3.II.2 3/4	86.157	39,825.95	118,534.82	210,802.33
14	F06	p3.II.2 3/4	86.157	34,220.30	111,409.13	198,129.99
14	F07	p3.II.2 5/6	86.157	41,881.03	116,220.28	206,686.15
14	F08	p3.II.2 5/6	86.157	32,090.77	103,335.15	183,771.24
14	F09	p3.II.2 5/6	86.157	24,472.71	110,099.64	195,801.19
14	F10	p3.II.2 5/6	86.157	31,165.01	114,799.11	204,158.73
14	F11	p3.II.2 5/6	86.157	25,378.51	110,254.01	196,075.73
14	F12	p3.II.2 5/6	86.157	27,926.23	87,602.35	155,792.01
14	G01	p3.III.1 3/4	86.157	20,737.55	74,999.25	133,378.66
14	G02	p3.III.1 3/4	86.157	36,185.53	117,216.08	208,457.08
14	G03	p3.III.1 3/4	86.157	28,320.04	125,009.48	222,316.87
14	G04	p3.III.1 3/4	86.157	28,909.21	125,574.88	223,322.37
14	G05	p3.III.1 3/4	86.157	25,258.14	118,185.64	210,181.33
14	G06	p3.III.1 3/4	86.157	28,162.49	113,504.69	201,856.74
14	G07	p3.III.1 5/6	86.157	27,908.54	94,924.25	168,813.29
14	G08	p3.III.1 5/6	86.157	22,120.02	121,111.10	215,383.99
14	G09	p3.III.1 5/6	86.157	25,986.10	130,365.05	231,841.20
14	G10	p3.III.1 5/6	86.157	40,223.96	131,638.26	234,105.48
14	G11	p3.III.1 5/6	86.157	19,049.20	107,365.44	190,938.69
14	G12	p3.III.1 5/6	86.157	20,204.38	132,415.57	235,487.85
14	H01	Background	86.157	0	0	0
14	H02	Background	86.157	0	0	0
14	H03	Background	86.157	0	0	0
14	H04	Background	86.157	0	0	0
14	H05	Background	86.157	0	0	0
14	H06	Background	86.157	0	0	0
14	H07	Background	86.157	0	0	0
14	H08	Background	86.157	0	0	0
14	H09	Background	86.157	0	0	0
14	H10	Background	86.157	0	0	0
14	H11	Background	86.157	0	0	0
14	H12	Background	86.157	0	0	0
15	A01	Background	92.676	0	0	0
15	A02	Background	92.676	0	0	0
15	A03	Background	92.676	0	0	0
15	A04	Background	92.676	0	0	0
15	A05	Background	92.676	0	0	0
15	A06	Background	92.676	0	0	0
15	A07	Background	92.676	0	0	0
15	A08	Background	92.676	0	0	0
15	A09	Background	92.676	0	0	0
15	A10	Background	92.676	0	0	0
15	A11	Background	92.676	0	0	0
15	A12	Background	92.676	0	0	0
15	B01	c1 3/4	92.676	55,774.98	140,066.91	249,094.99
15	B02	c1 3/4	92.676	40,017.58	135,102.26	240,265.85
15	B03	c1 3/4	92.676	34,434.22	168,571.02	299,786.70
15	B04	c1 3/4	92.676	35,056.96	141,310.53	251,306.64
15	B05	c1 3/4	92.676	28,775.33	131,233.46	233,385.58
15	B06	c1 3/4	92.676	33,622.20	144,285.04	256,596.52
15	B07	c1 5/6	92.676	33,235.24	139,176.67	247,511.79
15	B08	c1 5/6	92.676	32,238.85	132,036.14	234,813.08
15	B09	c1 5/6	92.676	32,046.49	149,522.64	265,911.06
15	B10	c1 5/6	92.676	29,401.66	142,352.64	253,159.93
15	B11	c1 5/6	92.676	32,549.37	128,172.81	227,942.53
15	B12	c1 5/6	92.676	28,325.94	148,517.18	264,122.95
15	C01	c3 3/4	92.676	38,815.68	83,034.61	147,668.76
15	C02	c3 3/4	92.676	44,543.26	128,682.70	228,849.31
15	C03	c3 3/4	92.676	41,083.94	136,655.38	243,027.92
15	C04	c3 3/4	92.676	56,634.11	110,413.12	196,358.69
15	C05	c3 3/4	92.676	41,814.53	113,308.48	201,507.80
15	C06	c3 3/4	92.676	60,860.71	108,405.41	192,788.18
15	C07	c3 5/6	92.676	56,951.63	106,093.07	188,675.91
15	C08	c3 5/6	92.676	47,364.67	137,733.94	244,946.05
15	C09	c3 5/6	92.676	38,404.19	126,597.72	225,141.38
15	C10	c3 5/6	92.676	39,476.16	110,178.30	195,941.09
15	C11	c3 5/6	92.676	37,415.30	113,337.53	201,559.47
15	C12	c3 5/6	92.676	30,888.22	141,115.03	250,958.98
15	D01	c2 3/4	92.676	31,503.41	104,516.60	185,872.32
15	D02	c2 3/4	92.676	34,712.11	120,841.95	214,905.33
15	D03	c2 3/4	92.676	46,627.58	102,101.77	181,577.79
15	D04	c2 3/4	92.676	38,622.77	105,526.43	187,668.20
15	D05	c2 3/4	92.676	41,256.85	116,320.88	206,865.06
15	D06	c2 3/4	92.676	40,153.82	110,348.30	196,243.42
15	D07	c2 5/6	92.676	45,800.33	101,833.20	181,100.16
15	D08	c2 5/6	92.676	26,247.01	113,328.70	201,543.76
15	D09	c2 5/6	92.676	33,197.39	108,301.65	192,603.65
15	D10	c2 5/6	92.676	34,062.88	118,425.59	210,608.07
15	D11	c2 5/6	92.676	29,004.19	112,272.74	199,665.84
15	D12	c2 5/6	92.676	25,218.23	101,309.54	180,168.89
15	E01	p3.I.2 3/4	92.676	34,222.98	150,663.85	267,940.60
15	E02	p3.I.2 3/4	92.676	32,343.32	153,608.99	273,178.23
15	E03	p3.I.2 3/4	92.676	35,619.08	157,073.52	279,339.55
15	E04	p3.I.2 3/4	92.676	41,698.34	155,358.02	276,288.71
15	E05	p3.I.2 3/4	92.676	39,679.82	146,607.32	260,726.46
15	E06	p3.I.2 3/4	92.676	36,642.58	123,497.40	219,627.77
15	E07	p3.I.2 5/6	92.676	38,694.48	129,154.49	229,688.34
15	E08	p3.I.2 5/6	92.676	35,878.36	141,234.08	251,170.68
15	E09	p3.I.2 5/6	92.676	32,603.22	135,219.71	240,474.73
15	E10	p3.I.2 5/6	92.676	36,110.77	145,156.69	258,146.65
15	E11	p3.I.2 5/6	92.676	28,449.82	145,862.29	259,401.50
15	E12	p3.I.2 5/6	92.676	15,307.45	145,107.44	258,059.07
15	F01	p3.II.2 3/4	92.676	28,518.59	103,657.96	184,345.31
15	F02	p3.II.2 3/4	92.676	37,034.06	116,440.08	207,077.03
15	F03	p3.II.2 3/4	92.676	34,438.79	105,398.63	187,440.93
15	F04	p3.II.2 3/4	92.676	32,543.59	120,787.30	214,808.13
15	F05	p3.II.2 3/4	92.676	40,940.65	113,888.57	202,539.43
15	F06	p3.II.2 3/4	92.676	34,245.57	106,330.26	189,097.74
15	F07	p3.II.2 5/6	92.676	41,587.19	111,222.78	197,798.59
15	F08	p3.II.2 5/6	92.676	31,631.85	98,963.55	175,996.77
15	F09	p3.II.2 5/6	92.676	24,399.24	105,618.33	187,831.64
15	F10	p3.II.2 5/6	92.676	33,072.40	112,100.77	199,360.01
15	F11	p3.II.2 5/6	92.676	26,320.25	106,810.94	189,952.57
15	F12	p3.II.2 5/6	92.676	28,862.95	84,828.02	150,858.14
15	G01	p3.III.1 3/4	92.676	20,441.91	73,778.74	131,208.10
15	G02	p3.III.1 3/4	92.676	38,544.94	112,048.37	199,266.83
15	G03	p3.III.1 3/4	92.676	30,735.92	119,360.85	212,271.33
15	G04	p3.III.1 3/4	92.676	29,426.17	119,636.00	212,760.66
15	G05	p3.III.1 3/4	92.676	26,344.14	112,841.54	200,677.40
15	G06	p3.III.1 3/4	92.676	30,244.66	108,463.37	192,891.26
15	G07	p3.III.1 5/6	92.676	29,910.56	94,615.83	168,264.79
15	G08	p3.III.1 5/6	92.676	26,001.57	116,657.92	207,464.44
15	G09	p3.III.1 5/6	92.676	28,495.12	125,028.33	222,350.37
15	G10	p3.III.1 5/6	92.676	40,020.06	123,622.88	219,850.94
15	G11	p3.III.1 5/6	92.676	21,820.55	103,241.90	183,605.40
15	G12	p3.III.1 5/6	92.676	21,255.09	120,822.97	214,871.56
15	H01	Background	92.676	0	0	0
15	H02	Background	92.676	0	0	0
15	H03	Background	92.676	0	0	0
15	H04	Background	92.676	0	0	0
15	H05	Background	92.676	0	0	0
15	H06	Background	92.676	0	0	0
15	H07	Background	92.676	0	0	0
15	H08	Background	92.676	0	0	0
15	H09	Background	92.676	0	0	0
15	H10	Background	92.676	0	0	0
15	H11	Background	92.676	0	0	0
15	H12	Background	92.676	0	0	0
16	A01	Background	99.18	0	0	0
16	A02	Background	99.18	0	0	0
16	A03	Background	99.18	0	0	0
16	A04	Background	99.18	0	0	0
16	A05	Background	99.18	0	0	0
16	A06	Background	99.18	0	0	0
16	A07	Background	99.18	0	0	0
16	A08	Background	99.18	0	0	0
16	A09	Background	99.18	0	0	0
16	A10	Background	99.18	0	0	0
16	A11	Background	99.18	0	0	0
16	A12	Background	99.18	0	0	0
16	B01	c1 3/4	99.18	54,774.50	135,958.99	241,789.46
16	B02	c1 3/4	99.18	38,589.15	128,815.42	229,085.34
16	B03	c1 3/4	99.18	33,149.43	167,760.79	298,345.79
16	B04	c1 3/4	99.18	34,916.94	137,136.62	243,883.77
16	B05	c1 3/4	99.18	29,829.91	128,199.99	227,990.87
16	B06	c1 3/4	99.18	31,558.91	143,899.49	255,910.84
16	B07	c1 5/6	99.18	32,002.17	138,694.30	246,653.94
16	B08	c1 5/6	99.18	28,560.41	131,925.75	234,616.75
16	B09	c1 5/6	99.18	30,452.43	148,398.04	263,911.07
16	B10	c1 5/6	99.18	29,433.05	140,676.55	250,179.17
16	B11	c1 5/6	99.18	29,809.66	126,185.77	224,408.78
16	B12	c1 5/6	99.18	26,190.70	151,764.04	269,897.16
16	C01	c3 3/4	99.18	36,602.97	81,322.65	144,624.21
16	C02	c3 3/4	99.18	43,859.01	128,328.77	228,219.88
16	C03	c3 3/4	99.18	42,841.47	133,156.00	236,804.63
16	C04	c3 3/4	99.18	53,011.49	112,055.37	199,279.27
16	C05	c3 3/4	99.18	41,739.63	111,868.84	198,947.54
16	C06	c3 3/4	99.18	61,628.10	109,670.91	195,038.75
16	C07	c3 5/6	99.18	55,090.49	105,761.02	188,085.41
16	C08	c3 5/6	99.18	46,100.77	138,446.18	246,212.68
16	C09	c3 5/6	99.18	38,608.23	126,907.06	225,691.52
16	C10	c3 5/6	99.18	44,144.86	109,665.27	195,028.72
16	C11	c3 5/6	99.18	37,969.78	110,927.57	197,273.59
16	C12	c3 5/6	99.18	32,951.73	139,008.14	247,212.08
16	D01	c2 3/4	99.18	31,291.87	105,615.10	187,825.89
16	D02	c2 3/4	99.18	33,602.93	124,096.95	220,694.01
16	D03	c2 3/4	99.18	45,918.05	104,713.35	186,222.22
16	D04	c2 3/4	99.18	39,906.45	107,157.25	190,568.46
16	D05	c2 3/4	99.18	41,539.08	117,086.78	208,227.13
16	D06	c2 3/4	99.18	38,832.67	111,938.05	199,070.63
16	D07	c2 5/6	99.18	44,385.49	104,068.95	185,076.21
16	D08	c2 5/6	99.18	23,871.24	113,808.38	202,396.83
16	D09	c2 5/6	99.18	32,932.78	110,137.14	195,867.90
16	D10	c2 5/6	99.18	33,639.88	120,197.06	213,758.46
16	D11	c2 5/6	99.18	28,733.64	113,374.86	201,625.85
16	D12	c2 5/6	99.18	25,217.56	100,142.76	178,093.89
16	E01	p3.I.2 3/4	99.18	32,304.16	148,733.61	264,507.85
16	E02	p3.I.2 3/4	99.18	31,775.63	151,528.01	269,477.41
16	E03	p3.I.2 3/4	99.18	34,981.79	158,209.93	281,360.53
16	E04	p3.I.2 3/4	99.18	41,096.68	155,857.74	277,177.40
16	E05	p3.I.2 3/4	99.18	38,873.63	145,232.65	258,281.75
16	E06	p3.I.2 3/4	99.18	37,301.74	124,205.72	220,887.44
16	E07	p3.I.2 5/6	99.18	37,926.37	128,987.81	229,391.92
16	E08	p3.I.2 5/6	99.18	34,497.26	138,800.79	246,843.33
16	E09	p3.I.2 5/6	99.18	32,182.23	134,148.31	238,569.35
16	E10	p3.I.2 5/6	99.18	37,300.91	145,053.22	257,962.65
16	E11	p3.I.2 5/6	99.18	24,803.93	144,537.25	257,045.05
16	E12	p3.I.2 5/6	99.18	14,924.35	146,087.87	259,802.67
16	F01	p3.II.2 3/4	99.18	29,431.25	103,239.15	183,600.50
16	F02	p3.II.2 3/4	99.18	37,806.17	115,839.64	206,009.22
16	F03	p3.II.2 3/4	99.18	32,157.20	104,734.83	186,260.43
16	F04	p3.II.2 3/4	99.18	35,817.20	119,899.23	213,228.79
16	F05	p3.II.2 3/4	99.18	41,633.64	112,435.20	199,954.76
16	F06	p3.II.2 3/4	99.18	34,768.16	105,660.27	187,906.22
16	F07	p3.II.2 5/6	99.18	41,720.14	110,660.87	196,799.29
16	F08	p3.II.2 5/6	99.18	30,049.02	98,554.49	175,269.30
16	F09	p3.II.2 5/6	99.18	23,053.96	105,204.74	187,096.10
16	F10	p3.II.2 5/6	99.18	31,903.23	112,442.00	199,966.85
16	F11	p3.II.2 5/6	99.18	24,065.70	105,679.14	187,939.78
16	F12	p3.II.2 5/6	99.18	28,326.64	81,678.53	145,257.09
16	G01	p3.III.1 3/4	99.18	21,559.34	72,393.74	128,745.03
16	G02	p3.III.1 3/4	99.18	37,105.01	111,384.97	198,087.04
16	G03	p3.III.1 3/4	99.18	30,055.15	118,440.28	210,634.19
16	G04	p3.III.1 3/4	99.18	30,814.63	119,172.63	211,936.60
16	G05	p3.III.1 3/4	99.18	27,609.19	111,356.86	198,037.05
16	G06	p3.III.1 3/4	99.18	29,309.32	107,958.09	191,992.66
16	G07	p3.III.1 5/6	99.18	31,140.16	94,262.92	167,637.18
16	G08	p3.III.1 5/6	99.18	25,813.69	115,958.20	206,220.05
16	G09	p3.III.1 5/6	99.18	28,552.34	124,831.15	221,999.72
16	G10	p3.III.1 5/6	99.18	41,333.50	123,405.10	219,463.63
16	G11	p3.III.1 5/6	99.18	20,415.16	101,752.44	180,956.53
16	G12	p3.III.1 5/6	99.18	22,203.06	127,888.96	227,437.73
16	H01	Background	99.18	0	0	0
16	H02	Background	99.18	0	0	0
16	H03	Background	99.18	0	0	0
16	H04	Background	99.18	0	0	0
16	H05	Background	99.18	0	0	0
16	H06	Background	99.18	0	0	0
16	H07	Background	99.18	0	0	0
16	H08	Background	99.18	0	0	0
16	H09	Background	99.18	0	0	0
16	H10	Background	99.18	0	0	0
16	H11	Background	99.18	0	0	0
16	H12	Background	99.18	0	0	0
