time	well1	fibro_id	time_exact	ocr	ecar	ppr
1	A01	Background	1.308	0	0	0
1	A02	Background	1.308	0	0	0
1	A03	Background	1.308	0	0	0
1	A04	Background	1.308	0	0	0
1	A05	Background	1.308	0	0	0
1	A06	Background	1.308	0	0	0
1	A07	Background	1.308	0	0	0
1	A08	Background	1.308	0	0	0
1	A09	Background	1.308	0	0	0
1	A10	Background	1.308	0	0	0
1	A11	Background	1.308	0	0	0
1	A12	Background	1.308	0	0	0
1	B01	c1 3/4	1.308	130,394.82	60,720.03	107,984.50
1	B02	c1 3/4	1.308	134,784.12	59,719.93	106,205.93
1	B03	c1 3/4	1.308	129,728.60	61,927.64	110,132.11
1	B04	c1 3/4	1.308	129,189.74	59,095.15	105,094.82
1	B05	c1 3/4	1.308	117,773.82	57,004.35	101,376.54
1	B06	c1 3/4	1.308	77,349.56	81,847.72	145,557.99
1	B07	c1 5/6	1.308	127,452.67	61,187.24	108,815.38
1	B08	c1 5/6	1.308	132,314.31	66,228.85	117,781.38
1	B09	c1 5/6	1.308	126,333.23	62,618.21	111,360.22
1	B10	c1 5/6	1.308	132,072.31	62,549.54	111,238.10
1	B11	c1 5/6	1.308	62,080.11	86,430.19	153,707.44
1	B12	c1 5/6	1.308	114,057.75	58,466.69	103,977.16
1	C01	c3 3/4	1.308	108,660.94	60,620.91	107,808.23
1	C02	c3 3/4	1.308	144,628.57	93,764.73	166,751.19
1	C03	c3 3/4	1.308	91,307.38	149,462.04	265,803.28
1	C04	c3 3/4	1.308	161,205.96	81,022.38	144,090.20
1	C05	c3 3/4	1.308	152,831.10	91,816.64	163,286.71
1	C06	c3 3/4	1.308	93,297.01	126,408.22	224,804.38
1	C07	c3 5/6	1.308	106,408.67	121,461.53	216,007.19
1	C08	c3 5/6	1.308	84,453.40	135,672.78	241,280.47
1	C09	c3 5/6	1.308	100,403.74	143,056.31	254,411.34
1	C10	c3 5/6	1.308	123,925.62	116,236.47	206,714.94
1	C11	c3 5/6	1.308	52,384.41	129,415.88	230,153.20
1	C12	c3 5/6	1.308	89,270.31	74,594.34	132,658.57
1	D01	c2 3/4	1.308	88,980.58	59,608.12	106,007.08
1	D02	c2 3/4	1.308	141,518.63	70,166.12	124,783.44
1	D03	c2 3/4	1.308	142,390.13	71,040.10	126,337.72
1	D04	c2 3/4	1.308	164,520.85	108,631.94	193,191.05
1	D05	c2 3/4	1.308	171,621.25	85,385.84	151,850.17
1	D06	c2 3/4	1.308	160,289.11	90,425.76	160,813.17
1	D07	c2 5/6	1.308	144,799.08	82,198.71	146,182.19
1	D08	c2 5/6	1.308	161,336.84	76,706.46	136,414.77
1	D09	c2 5/6	1.308	143,679.79	70,592.69	125,542.04
1	D10	c2 5/6	1.308	141,601.66	67,355.49	119,785.00
1	D11	c2 5/6	1.308	140,775.06	50,189.30	89,256.64
1	D12	c2 5/6	1.308	94,070.60	46,433.85	82,577.95
1	E01	p3.I.2 3/4	1.308	111,616.53	77,762.25	138,292.39
1	E02	p3.I.2 3/4	1.308	124,123.09	106,467.26	189,341.37
1	E03	p3.I.2 3/4	1.308	132,630.02	132,604.03	235,823.00
1	E04	p3.I.2 3/4	1.308	137,795.50	142,183.25	252,858.70
1	E05	p3.I.2 3/4	1.308	136,867.88	113,363.22	201,605.15
1	E06	p3.I.2 3/4	1.308	131,686.29	87,251.91	155,168.80
1	E07	p3.I.2 5/6	1.308	109,020.16	70,245.18	124,924.03
1	E08	p3.I.2 5/6	1.308	112,147.36	98,391.91	174,980.17
1	E09	p3.I.2 5/6	1.308	118,665.28	92,334.90	164,208.39
1	E10	p3.I.2 5/6	1.308	108,001.36	79,522.22	141,422.32
1	E11	p3.I.2 5/6	1.308	112,126.55	84,563.28	150,387.33
1	E12	p3.I.2 5/6	1.308	97,425.34	83,014.34	147,632.69
1	F01	p3.II.2 3/4	1.308	36,794.56	73,283.48	130,327.34
1	F02	p3.II.2 3/4	1.308	99,734.65	127,646.23	227,006.05
1	F03	p3.II.2 3/4	1.308	143,157.30	135,508.16	240,987.71
1	F04	p3.II.2 3/4	1.308	151,370.34	102,654.62	182,560.98
1	F05	p3.II.2 3/4	1.308	108,576.75	111,062.74	197,513.97
1	F06	p3.II.2 3/4	1.308	132,268.65	116,311.51	206,848.38
1	F07	p3.II.2 5/6	1.308	58,889.33	86,337.26	153,542.18
1	F08	p3.II.2 5/6	1.308	69,500.53	98,524.07	175,215.20
1	F09	p3.II.2 5/6	1.308	53,713.21	102,822.31	182,859.20
1	F10	p3.II.2 5/6	1.308	109,179.89	149,002.07	264,985.28
1	F11	p3.II.2 5/6	1.308	46,756.63	80,273.77	142,758.87
1	F12	p3.II.2 5/6	1.308	34,117.45	79,007.85	140,507.56
1	G01	p3.III.1 3/4	1.308	101,128.40	65,210.15	115,969.73
1	G02	p3.III.1 3/4	1.308	93,634.02	53,696.91	95,494.58
1	G03	p3.III.1 3/4	1.308	74,460.21	106,261.24	188,974.98
1	G04	p3.III.1 3/4	1.308	130,379.48	91,131.64	162,068.51
1	G05	p3.III.1 3/4	1.308	99,596.31	102,396.36	182,101.68
1	G06	p3.III.1 3/4	1.308	121,996.24	67,328.85	119,737.62
1	G07	p3.III.1 5/6	1.308	125,961.40	63,535.54	112,991.60
1	G08	p3.III.1 5/6	1.308	123,621.28	74,130.78	131,834.18
1	G09	p3.III.1 5/6	1.308	128,293.22	82,737.25	147,139.93
1	G10	p3.III.1 5/6	1.308	146,966.07	69,660.30	123,883.87
1	G11	p3.III.1 5/6	1.308	105,385.07	56,291.27	100,108.40
1	G12	p3.III.1 5/6	1.308	99,014.33	59,396.12	105,630.07
1	H01	Background	1.308	0	0	0
1	H02	Background	1.308	0	0	0
1	H03	Background	1.308	0	0	0
1	H04	Background	1.308	0	0	0
1	H05	Background	1.308	0	0	0
1	H06	Background	1.308	0	0	0
1	H07	Background	1.308	0	0	0
1	H08	Background	1.308	0	0	0
1	H09	Background	1.308	0	0	0
1	H10	Background	1.308	0	0	0
1	H11	Background	1.308	0	0	0
1	H12	Background	1.308	0	0	0
2	A01	Background	7.822	0	0	0
2	A02	Background	7.822	0	0	0
2	A03	Background	7.822	0	0	0
2	A04	Background	7.822	0	0	0
2	A05	Background	7.822	0	0	0
2	A06	Background	7.822	0	0	0
2	A07	Background	7.822	0	0	0
2	A08	Background	7.822	0	0	0
2	A09	Background	7.822	0	0	0
2	A10	Background	7.822	0	0	0
2	A11	Background	7.822	0	0	0
2	A12	Background	7.822	0	0	0
2	B01	c1 3/4	7.822	124,145.47	55,691.37	99,041.53
2	B02	c1 3/4	7.822	132,327.24	55,399.41	98,522.31
2	B03	c1 3/4	7.822	122,989.77	63,246.97	112,478.41
2	B04	c1 3/4	7.822	120,911.30	54,876.65	97,592.63
2	B05	c1 3/4	7.822	114,967.28	52,556.40	93,466.30
2	B06	c1 3/4	7.822	58,307.15	76,714.09	136,428.33
2	B07	c1 5/6	7.822	123,575.65	54,558.98	97,027.70
2	B08	c1 5/6	7.822	120,998.85	62,820.74	111,720.40
2	B09	c1 5/6	7.822	115,624.16	61,229.93	108,891.31
2	B10	c1 5/6	7.822	129,903.83	59,113.34	105,127.16
2	B11	c1 5/6	7.822	49,947.75	80,309.05	142,821.61
2	B12	c1 5/6	7.822	108,797.02	52,511.38	93,386.24
2	C01	c3 3/4	7.822	108,293.17	42,444.80	75,483.83
2	C02	c3 3/4	7.822	138,427.98	89,181.79	158,600.90
2	C03	c3 3/4	7.822	59,836.28	122,468.65	217,798.25
2	C04	c3 3/4	7.822	144,439.53	83,196.39	147,956.46
2	C05	c3 3/4	7.822	138,790.52	93,031.24	165,446.76
2	C06	c3 3/4	7.822	57,100.91	108,125.95	192,291.19
2	C07	c3 5/6	7.822	69,861.91	119,171.94	211,935.37
2	C08	c3 5/6	7.822	56,234.05	118,735.75	211,159.67
2	C09	c3 5/6	7.822	61,658.74	118,588.40	210,897.62
2	C10	c3 5/6	7.822	99,231.27	105,091.19	186,894.17
2	C11	c3 5/6	7.822	33,093.47	126,293.78	224,600.85
2	C12	c3 5/6	7.822	85,062.13	65,464.03	116,421.23
2	D01	c2 3/4	7.822	85,538.28	51,733.04	92,002.03
2	D02	c2 3/4	7.822	133,556.22	48,225.77	85,764.72
2	D03	c2 3/4	7.822	143,659.56	53,822.44	95,717.83
2	D04	c2 3/4	7.822	144,795.84	79,946.64	142,177.10
2	D05	c2 3/4	7.822	163,400.16	76,968.37	136,880.56
2	D06	c2 3/4	7.822	150,731.72	79,152.40	140,764.62
2	D07	c2 5/6	7.822	130,970.72	62,554.64	111,247.18
2	D08	c2 5/6	7.822	147,533.75	66,258.23	117,833.63
2	D09	c2 5/6	7.822	138,197.97	68,387.00	121,619.44
2	D10	c2 5/6	7.822	136,845.49	57,455.31	102,178.52
2	D11	c2 5/6	7.822	132,238.45	35,765.70	63,605.71
2	D12	c2 5/6	7.822	90,418.19	15,485.48	27,539.37
2	E01	p3.I.2 3/4	7.822	107,988.22	64,180.63	114,138.82
2	E02	p3.I.2 3/4	7.822	125,199.33	86,473.02	153,783.61
2	E03	p3.I.2 3/4	7.822	112,693.95	84,212.77	149,763.99
2	E04	p3.I.2 3/4	7.822	128,951.13	77,447.11	137,731.94
2	E05	p3.I.2 3/4	7.822	126,797.80	110,639.88	196,761.96
2	E06	p3.I.2 3/4	7.822	127,234.88	76,296.78	135,686.19
2	E07	p3.I.2 5/6	7.822	97,498.05	70,297.34	125,016.79
2	E08	p3.I.2 5/6	7.822	103,215.20	85,816.55	152,616.16
2	E09	p3.I.2 5/6	7.822	104,178.93	68,178.76	121,249.11
2	E10	p3.I.2 5/6	7.822	101,254.54	72,721.04	129,327.10
2	E11	p3.I.2 5/6	7.822	105,484.35	66,543.24	118,340.50
2	E12	p3.I.2 5/6	7.822	81,625.45	75,580.42	134,412.22
2	F01	p3.II.2 3/4	7.822	30,050.99	74,369.60	132,258.90
2	F02	p3.II.2 3/4	7.822	57,079.95	74,397.75	132,308.95
2	F03	p3.II.2 3/4	7.822	127,144.51	74,637.68	132,735.65
2	F04	p3.II.2 3/4	7.822	137,611.27	74,888.32	133,181.38
2	F05	p3.II.2 3/4	7.822	61,361.27	75,527.50	134,318.11
2	F06	p3.II.2 3/4	7.822	125,139.17	55,633.62	98,938.83
2	F07	p3.II.2 5/6	7.822	43,658.71	67,367.88	119,807.03
2	F08	p3.II.2 5/6	7.822	41,086.14	80,322.48	142,845.51
2	F09	p3.II.2 5/6	7.822	32,629.75	75,272.74	133,865.04
2	F10	p3.II.2 5/6	7.822	62,412.86	96,878.02	172,287.87
2	F11	p3.II.2 5/6	7.822	34,306.22	63,159.37	112,322.62
2	F12	p3.II.2 5/6	7.822	26,473.77	48,914.24	86,989.09
2	G01	p3.III.1 3/4	7.822	96,309.04	61,745.72	109,808.60
2	G02	p3.III.1 3/4	7.822	90,633.46	51,100.09	90,876.39
2	G03	p3.III.1 3/4	7.822	68,808.49	104,300.83	185,488.59
2	G04	p3.III.1 3/4	7.822	122,165.53	50,047.26	89,004.05
2	G05	p3.III.1 3/4	7.822	94,171.62	71,633.81	127,393.57
2	G06	p3.III.1 3/4	7.822	119,541.54	50,476.78	89,767.91
2	G07	p3.III.1 5/6	7.822	124,337.93	44,274.03	78,736.94
2	G08	p3.III.1 5/6	7.822	120,280.47	57,564.71	102,373.08
2	G09	p3.III.1 5/6	7.822	124,415.50	68,910.49	122,550.41
2	G10	p3.III.1 5/6	7.822	144,734.41	62,556.35	111,250.21
2	G11	p3.III.1 5/6	7.822	99,202.61	45,262.35	80,494.55
2	G12	p3.III.1 5/6	7.822	96,781.70	40,868.58	72,680.68
2	H01	Background	7.822	0	0	0
2	H02	Background	7.822	0	0	0
2	H03	Background	7.822	0	0	0
2	H04	Background	7.822	0	0	0
2	H05	Background	7.822	0	0	0
2	H06	Background	7.822	0	0	0
2	H07	Background	7.822	0	0	0
2	H08	Background	7.822	0	0	0
2	H09	Background	7.822	0	0	0
2	H10	Background	7.822	0	0	0
2	H11	Background	7.822	0	0	0
2	H12	Background	7.822	0	0	0
3	A01	Background	14.327	0	0	0
3	A02	Background	14.327	0	0	0
3	A03	Background	14.327	0	0	0
3	A04	Background	14.327	0	0	0
3	A05	Background	14.327	0	0	0
3	A06	Background	14.327	0	0	0
3	A07	Background	14.327	0	0	0
3	A08	Background	14.327	0	0	0
3	A09	Background	14.327	0	0	0
3	A10	Background	14.327	0	0	0
3	A11	Background	14.327	0	0	0
3	A12	Background	14.327	0	0	0
3	B01	c1 3/4	14.327	123,777.74	54,826.42	97,503.31
3	B02	c1 3/4	14.327	131,838.91	49,730.18	88,440.16
3	B03	c1 3/4	14.327	126,246.67	58,628.02	104,264.07
3	B04	c1 3/4	14.327	121,533.62	52,359.37	93,115.91
3	B05	c1 3/4	14.327	115,137.34	53,957.79	95,958.54
3	B06	c1 3/4	14.327	48,626.93	81,489.37	144,920.69
3	B07	c1 5/6	14.327	122,825.01	55,062.68	97,923.47
3	B08	c1 5/6	14.327	121,846.95	62,393.91	110,961.33
3	B09	c1 5/6	14.327	116,686.29	60,352.37	107,330.66
3	B10	c1 5/6	14.327	128,287.63	60,110.16	106,899.92
3	B11	c1 5/6	14.327	44,314.47	83,964.34	149,322.18
3	B12	c1 5/6	14.327	108,348.42	52,241.96	92,907.10
3	C01	c3 3/4	14.327	111,182.51	44,536.34	79,203.43
3	C02	c3 3/4	14.327	138,807.30	95,583.55	169,985.79
3	C03	c3 3/4	14.327	50,703.78	122,185.22	217,294.19
3	C04	c3 3/4	14.327	138,497.44	88,000.40	156,499.91
3	C05	c3 3/4	14.327	134,843.81	97,168.66	172,804.74
3	C06	c3 3/4	14.327	44,480.79	114,638.39	203,872.91
3	C07	c3 5/6	14.327	59,353.88	128,849.16	229,145.35
3	C08	c3 5/6	14.327	43,947.36	131,360.65	233,611.79
3	C09	c3 5/6	14.327	46,610.97	130,692.08	232,422.79
3	C10	c3 5/6	14.327	84,075.49	116,348.60	206,914.35
3	C11	c3 5/6	14.327	30,987.24	137,910.72	245,260.42
3	C12	c3 5/6	14.327	86,277.07	63,680.64	113,249.65
3	D01	c2 3/4	14.327	91,044.30	53,230.71	94,665.49
3	D02	c2 3/4	14.327	131,642.11	54,992.33	97,798.37
3	D03	c2 3/4	14.327	143,628.67	54,816.15	97,485.05
3	D04	c2 3/4	14.327	137,154.47	76,708.14	136,417.75
3	D05	c2 3/4	14.327	163,425.15	79,993.67	142,260.74
3	D06	c2 3/4	14.327	149,520.04	77,632.47	138,061.59
3	D07	c2 5/6	14.327	128,514.16	59,553.85	105,910.57
3	D08	c2 5/6	14.327	146,262.67	63,243.29	112,471.87
3	D09	c2 5/6	14.327	136,756.35	72,143.80	128,300.54
3	D10	c2 5/6	14.327	134,062.03	62,635.85	111,391.60
3	D11	c2 5/6	14.327	130,999.14	37,505.70	66,700.13
3	D12	c2 5/6	14.327	90,400.40	23,128.54	41,131.80
3	E01	p3.I.2 3/4	14.327	110,470.99	63,722.80	113,324.62
3	E02	p3.I.2 3/4	14.327	123,060.08	87,379.33	155,395.39
3	E03	p3.I.2 3/4	14.327	112,698.07	84,496.94	150,269.35
3	E04	p3.I.2 3/4	14.327	117,632.60	73,625.01	130,934.72
3	E05	p3.I.2 3/4	14.327	125,871.15	108,581.59	193,101.49
3	E06	p3.I.2 3/4	14.327	127,070.84	70,508.63	125,392.55
3	E07	p3.I.2 5/6	14.327	93,971.32	71,097.75	126,440.24
3	E08	p3.I.2 5/6	14.327	100,730.05	86,639.93	154,080.45
3	E09	p3.I.2 5/6	14.327	97,967.85	68,097.07	121,103.83
3	E10	p3.I.2 5/6	14.327	104,552.90	76,626.98	136,273.42
3	E11	p3.I.2 5/6	14.327	107,782.24	70,043.14	124,564.72
3	E12	p3.I.2 5/6	14.327	86,062.84	79,631.99	141,617.54
3	F01	p3.II.2 3/4	14.327	20,514.00	78,030.51	138,769.46
3	F02	p3.II.2 3/4	14.327	44,843.99	81,367.30	144,703.60
3	F03	p3.II.2 3/4	14.327	126,373.02	69,663.74	123,890.00
3	F04	p3.II.2 3/4	14.327	139,239.38	72,741.43	129,363.36
3	F05	p3.II.2 3/4	14.327	51,841.81	86,230.57	153,352.44
3	F06	p3.II.2 3/4	14.327	122,882.58	52,592.37	93,530.27
3	F07	p3.II.2 5/6	14.327	34,227.22	74,674.12	132,800.45
3	F08	p3.II.2 5/6	14.327	36,327.19	88,805.28	157,931.31
3	F09	p3.II.2 5/6	14.327	21,014.74	83,893.04	149,195.38
3	F10	p3.II.2 5/6	14.327	48,297.92	101,562.59	180,618.90
3	F11	p3.II.2 5/6	14.327	30,060.64	75,620.35	134,483.23
3	F12	p3.II.2 5/6	14.327	19,229.86	55,959.18	99,517.80
3	G01	p3.III.1 3/4	14.327	98,363.28	62,280.89	110,760.34
3	G02	p3.III.1 3/4	14.327	90,234.70	51,812.09	92,142.63
3	G03	p3.III.1 3/4	14.327	63,866.01	108,795.17	193,481.33
3	G04	p3.III.1 3/4	14.327	121,163.77	56,045.17	99,670.74
3	G05	p3.III.1 3/4	14.327	92,494.67	78,828.85	140,189.23
3	G06	p3.III.1 3/4	14.327	117,879.94	54,217.17	96,419.82
3	G07	p3.III.1 5/6	14.327	123,301.27	48,324.46	85,940.21
3	G08	p3.III.1 5/6	14.327	119,679.20	60,753.12	108,043.35
3	G09	p3.III.1 5/6	14.327	124,396.92	71,203.49	126,628.30
3	G10	p3.III.1 5/6	14.327	142,950.00	65,726.94	116,888.79
3	G11	p3.III.1 5/6	14.327	99,346.93	49,032.67	87,199.69
3	G12	p3.III.1 5/6	14.327	98,747.92	41,051.74	73,006.42
3	H01	Background	14.327	0	0	0
3	H02	Background	14.327	0	0	0
3	H03	Background	14.327	0	0	0
3	H04	Background	14.327	0	0	0
3	H05	Background	14.327	0	0	0
3	H06	Background	14.327	0	0	0
3	H07	Background	14.327	0	0	0
3	H08	Background	14.327	0	0	0
3	H09	Background	14.327	0	0	0
3	H10	Background	14.327	0	0	0
3	H11	Background	14.327	0	0	0
3	H12	Background	14.327	0	0	0
4	A01	Background	20.855	0	0	0
4	A02	Background	20.855	0	0	0
4	A03	Background	20.855	0	0	0
4	A04	Background	20.855	0	0	0
4	A05	Background	20.855	0	0	0
4	A06	Background	20.855	0	0	0
4	A07	Background	20.855	0	0	0
4	A08	Background	20.855	0	0	0
4	A09	Background	20.855	0	0	0
4	A10	Background	20.855	0	0	0
4	A11	Background	20.855	0	0	0
4	A12	Background	20.855	0	0	0
4	B01	c1 3/4	20.855	123,756.23	53,166.36	94,551.06
4	B02	c1 3/4	20.855	131,376.17	51,332.09	91,288.99
4	B03	c1 3/4	20.855	127,921.91	55,932.65	99,470.63
4	B04	c1 3/4	20.855	122,702.01	51,298.28	91,228.86
4	B05	c1 3/4	20.855	117,066.04	53,788.93	95,658.24
4	B06	c1 3/4	20.855	42,441.40	85,080.08	151,306.41
4	B07	c1 5/6	20.855	123,767.07	55,349.52	98,433.58
4	B08	c1 5/6	20.855	122,954.45	62,416.22	111,001.00
4	B09	c1 5/6	20.855	117,073.37	59,566.79	105,933.58
4	B10	c1 5/6	20.855	128,836.43	60,578.76	107,733.26
4	B11	c1 5/6	20.855	38,325.26	86,277.77	153,436.39
4	B12	c1 5/6	20.855	107,803.56	52,061.49	92,586.15
4	C01	c3 3/4	20.855	109,092.09	42,182.66	75,017.63
4	C02	c3 3/4	20.855	140,934.39	87,271.07	155,202.88
4	C03	c3 3/4	20.855	43,750.92	121,878.32	216,748.41
4	C04	c3 3/4	20.855	139,994.24	85,063.58	151,277.07
4	C05	c3 3/4	20.855	136,660.42	92,984.48	165,363.60
4	C06	c3 3/4	20.855	32,734.52	121,232.27	215,599.46
4	C07	c3 5/6	20.855	49,753.30	135,781.33	241,473.52
4	C08	c3 5/6	20.855	36,970.74	142,086.74	252,687.05
4	C09	c3 5/6	20.855	34,288.90	140,923.62	250,618.56
4	C10	c3 5/6	20.855	77,533.31	125,802.55	223,727.25
4	C11	c3 5/6	20.855	23,353.38	143,090.48	254,472.12
4	C12	c3 5/6	20.855	86,558.84	63,009.00	112,055.21
4	D01	c2 3/4	20.855	87,943.25	52,432.59	93,246.12
4	D02	c2 3/4	20.855	129,439.62	57,199.78	101,724.08
4	D03	c2 3/4	20.855	145,133.59	57,544.96	102,337.96
4	D04	c2 3/4	20.855	135,038.96	76,934.21	136,819.79
4	D05	c2 3/4	20.855	164,669.93	80,322.42	142,845.38
4	D06	c2 3/4	20.855	146,829.87	76,515.85	136,075.79
4	D07	c2 5/6	20.855	128,331.83	56,663.83	100,770.95
4	D08	c2 5/6	20.855	144,273.22	61,891.84	110,068.45
4	D09	c2 5/6	20.855	134,280.52	73,388.10	130,513.40
4	D10	c2 5/6	20.855	134,621.13	64,221.44	114,211.41
4	D11	c2 5/6	20.855	131,639.70	41,008.09	72,928.79
4	D12	c2 5/6	20.855	91,043.92	26,184.64	46,566.77
4	E01	p3.I.2 3/4	20.855	105,642.39	61,937.95	110,150.45
4	E02	p3.I.2 3/4	20.855	126,319.23	89,159.39	158,561.05
4	E03	p3.I.2 3/4	20.855	115,770.68	78,022.88	138,755.89
4	E04	p3.I.2 3/4	20.855	121,176.39	71,756.86	127,612.41
4	E05	p3.I.2 3/4	20.855	127,051.01	105,205.46	187,097.40
4	E06	p3.I.2 3/4	20.855	122,319.62	68,695.04	122,167.27
4	E07	p3.I.2 5/6	20.855	90,434.15	73,543.09	130,789.02
4	E08	p3.I.2 5/6	20.855	102,548.16	85,186.41	151,495.51
4	E09	p3.I.2 5/6	20.855	98,532.88	65,372.36	116,258.21
4	E10	p3.I.2 5/6	20.855	103,852.02	76,372.23	135,820.37
4	E11	p3.I.2 5/6	20.855	105,519.67	71,440.70	127,050.14
4	E12	p3.I.2 5/6	20.855	90,298.41	73,549.35	130,800.16
4	F01	p3.II.2 3/4	20.855	13,529.23	79,589.86	141,542.61
4	F02	p3.II.2 3/4	20.855	38,403.02	83,326.57	148,187.98
4	F03	p3.II.2 3/4	20.855	128,790.84	64,047.23	113,901.60
4	F04	p3.II.2 3/4	20.855	139,257.12	68,360.94	121,573.10
4	F05	p3.II.2 3/4	20.855	47,219.69	91,047.70	161,919.23
4	F06	p3.II.2 3/4	20.855	119,586.29	50,674.37	90,119.29
4	F07	p3.II.2 5/6	20.855	29,595.71	80,742.31	143,592.12
4	F08	p3.II.2 5/6	20.855	29,857.62	92,831.38	165,091.33
4	F09	p3.II.2 5/6	20.855	17,742.77	89,134.64	158,517.05
4	F10	p3.II.2 5/6	20.855	43,766.25	105,492.50	187,607.86
4	F11	p3.II.2 5/6	20.855	25,145.09	79,497.62	141,378.57
4	F12	p3.II.2 5/6	20.855	21,058.79	52,037.10	92,542.79
4	G01	p3.III.1 3/4	20.855	99,564.83	62,020.01	110,296.38
4	G02	p3.III.1 3/4	20.855	91,361.17	52,461.43	93,297.40
4	G03	p3.III.1 3/4	20.855	63,444.90	112,550.01	200,158.94
4	G04	p3.III.1 3/4	20.855	121,288.86	57,513.67	102,282.31
4	G05	p3.III.1 3/4	20.855	92,949.46	79,848.48	142,002.53
4	G06	p3.III.1 3/4	20.855	116,845.54	54,620.00	97,136.21
4	G07	p3.III.1 5/6	20.855	125,303.03	48,205.97	85,729.50
4	G08	p3.III.1 5/6	20.855	118,277.92	62,069.13	110,383.74
4	G09	p3.III.1 5/6	20.855	124,064.03	72,849.56	129,555.66
4	G10	p3.III.1 5/6	20.855	143,845.37	67,527.47	120,090.85
4	G11	p3.III.1 5/6	20.855	97,996.45	48,799.27	86,784.61
4	G12	p3.III.1 5/6	20.855	96,934.72	39,735.58	70,665.76
4	H01	Background	20.855	0	0	0
4	H02	Background	20.855	0	0	0
4	H03	Background	20.855	0	0	0
4	H04	Background	20.855	0	0	0
4	H05	Background	20.855	0	0	0
4	H06	Background	20.855	0	0	0
4	H07	Background	20.855	0	0	0
4	H08	Background	20.855	0	0	0
4	H09	Background	20.855	0	0	0
4	H10	Background	20.855	0	0	0
4	H11	Background	20.855	0	0	0
4	H12	Background	20.855	0	0	0
5	A01	Background	27.486	0	0	0
5	A02	Background	27.486	0	0	0
5	A03	Background	27.486	0	0	0
5	A04	Background	27.486	0	0	0
5	A05	Background	27.486	0	0	0
5	A06	Background	27.486	0	0	0
5	A07	Background	27.486	0	0	0
5	A08	Background	27.486	0	0	0
5	A09	Background	27.486	0	0	0
5	A10	Background	27.486	0	0	0
5	A11	Background	27.486	0	0	0
5	A12	Background	27.486	0	0	0
5	B01	c1 3/4	27.486	115,156.42	57,175.86	101,681.54
5	B02	c1 3/4	27.486	120,768.04	61,820.48	109,941.54
5	B03	c1 3/4	27.486	119,968.83	65,366.97	116,248.63
5	B04	c1 3/4	27.486	115,969.93	53,666.97	95,441.33
5	B05	c1 3/4	27.486	107,312.00	57,952.29	103,062.36
5	B06	c1 3/4	27.486	36,701.36	89,570.53	159,292.22
5	B07	c1 5/6	27.486	114,825.07	58,451.90	103,950.87
5	B08	c1 5/6	27.486	116,751.46	67,915.34	120,780.63
5	B09	c1 5/6	27.486	112,737.05	63,961.35	113,748.87
5	B10	c1 5/6	27.486	119,478.59	68,348.93	121,551.73
5	B11	c1 5/6	27.486	34,735.72	89,499.60	159,166.08
5	B12	c1 5/6	27.486	100,451.69	54,410.88	96,764.31
5	C01	c3 3/4	27.486	56,894.00	72,653.45	129,206.89
5	C02	c3 3/4	27.486	75,331.01	111,098.09	197,576.85
5	C03	c3 3/4	27.486	39,014.45	113,862.12	202,492.40
5	C04	c3 3/4	27.486	88,717.61	108,913.50	193,691.77
5	C05	c3 3/4	27.486	87,373.03	123,988.68	220,501.48
5	C06	c3 3/4	27.486	34,497.11	95,259.91	169,410.22
5	C07	c3 5/6	27.486	46,087.05	143,417.20	255,053.15
5	C08	c3 5/6	27.486	33,752.17	160,548.18	285,518.88
5	C09	c3 5/6	27.486	30,181.45	148,580.91	264,236.29
5	C10	c3 5/6	27.486	72,549.01	132,242.49	235,180.05
5	C11	c3 5/6	27.486	24,920.33	147,456.74	262,237.07
5	C12	c3 5/6	27.486	35,171.34	89,793.49	159,688.74
5	D01	c2 3/4	27.486	14,306.28	82,639.82	146,966.66
5	D02	c2 3/4	27.486	57,608.33	88,005.70	156,509.34
5	D03	c2 3/4	27.486	55,893.62	101,935.21	181,281.57
5	D04	c2 3/4	27.486	65,395.64	118,890.79	211,435.37
5	D05	c2 3/4	27.486	97,645.83	103,191.30	183,515.41
5	D06	c2 3/4	27.486	86,776.61	98,617.18	175,380.80
5	D07	c2 5/6	27.486	90,069.43	61,692.17	109,713.35
5	D08	c2 5/6	27.486	92,912.79	73,950.93	131,514.34
5	D09	c2 5/6	27.486	69,075.91	113,503.09	201,853.89
5	D10	c2 5/6	27.486	63,188.32	99,021.62	176,100.05
5	D11	c2 5/6	27.486	52,884.46	68,228.06	121,336.78
5	D12	c2 5/6	27.486	47,362.50	32,644.88	58,055.66
5	E01	p3.I.2 3/4	27.486	68,986.66	71,642.49	127,409.00
5	E02	p3.I.2 3/4	27.486	63,109.27	106,223.31	188,907.53
5	E03	p3.I.2 3/4	27.486	47,162.02	91,421.62	162,584.22
5	E04	p3.I.2 3/4	27.486	88,391.80	38,202.05	67,938.53
5	E05	p3.I.2 3/4	27.486	55,951.32	133,398.47	237,235.83
5	E06	p3.I.2 3/4	27.486	58,466.94	74,105.00	131,788.33
5	E07	p3.I.2 5/6	27.486	40,829.02	88,676.84	157,702.90
5	E08	p3.I.2 5/6	27.486	43,447.88	96,378.80	171,400.06
5	E09	p3.I.2 5/6	27.486	73,545.23	64,367.24	114,470.70
5	E10	p3.I.2 5/6	27.486	44,709.36	97,017.22	172,535.42
5	E11	p3.I.2 5/6	27.486	43,065.31	94,674.71	168,369.50
5	E12	p3.I.2 5/6	27.486	30,244.75	98,437.64	175,061.49
5	F01	p3.II.2 3/4	27.486	13,976.94	83,153.13	147,879.52
5	F02	p3.II.2 3/4	27.486	36,050.12	89,223.07	158,674.31
5	F03	p3.II.2 3/4	27.486	53,657.15	77,185.20	137,266.17
5	F04	p3.II.2 3/4	27.486	68,066.01	97,059.84	172,611.22
5	F05	p3.II.2 3/4	27.486	38,547.27	76,804.45	136,589.03
5	F06	p3.II.2 3/4	27.486	73,058.03	59,088.35	105,082.71
5	F07	p3.II.2 5/6	27.486	25,358.62	65,245.27	116,032.19
5	F08	p3.II.2 5/6	27.486	30,600.64	76,289.90	135,673.96
5	F09	p3.II.2 5/6	27.486	12,437.92	80,443.98	143,061.57
5	F10	p3.II.2 5/6	27.486	38,244.73	93,562.32	166,391.23
5	F11	p3.II.2 5/6	27.486	24,591.45	77,250.77	137,382.78
5	F12	p3.II.2 5/6	27.486	15,991.21	48,343.45	85,973.99
5	G01	p3.III.1 3/4	27.486	76,269.08	73,863.77	131,359.33
5	G02	p3.III.1 3/4	27.486	62,760.49	66,879.21	118,937.99
5	G03	p3.III.1 3/4	27.486	50,360.23	121,621.75	216,292.12
5	G04	p3.III.1 3/4	27.486	85,965.59	69,950.85	124,400.60
5	G05	p3.III.1 3/4	27.486	64,342.25	93,457.82	166,205.39
5	G06	p3.III.1 3/4	27.486	66,725.90	76,234.89	135,576.14
5	G07	p3.III.1 5/6	27.486	73,965.34	63,578.72	113,068.40
5	G08	p3.III.1 5/6	27.486	80,287.02	75,102.62	133,562.51
5	G09	p3.III.1 5/6	27.486	84,480.94	92,850.69	165,125.67
5	G10	p3.III.1 5/6	27.486	123,796.24	77,473.30	137,778.51
5	G11	p3.III.1 5/6	27.486	80,699.70	60,685.84	107,923.69
5	G12	p3.III.1 5/6	27.486	74,375.41	48,161.96	85,651.24
5	H01	Background	27.486	0	0	0
5	H02	Background	27.486	0	0	0
5	H03	Background	27.486	0	0	0
5	H04	Background	27.486	0	0	0
5	H05	Background	27.486	0	0	0
5	H06	Background	27.486	0	0	0
5	H07	Background	27.486	0	0	0
5	H08	Background	27.486	0	0	0
5	H09	Background	27.486	0	0	0
5	H10	Background	27.486	0	0	0
5	H11	Background	27.486	0	0	0
5	H12	Background	27.486	0	0	0
6	A01	Background	34.009	0	0	0
6	A02	Background	34.009	0	0	0
6	A03	Background	34.009	0	0	0
6	A04	Background	34.009	0	0	0
6	A05	Background	34.009	0	0	0
6	A06	Background	34.009	0	0	0
6	A07	Background	34.009	0	0	0
6	A08	Background	34.009	0	0	0
6	A09	Background	34.009	0	0	0
6	A10	Background	34.009	0	0	0
6	A11	Background	34.009	0	0	0
6	A12	Background	34.009	0	0	0
6	B01	c1 3/4	34.009	98,091.13	67,804.89	120,584.21
6	B02	c1 3/4	34.009	108,686.35	68,703.79	122,182.82
6	B03	c1 3/4	34.009	107,484.79	73,678.47	131,029.79
6	B04	c1 3/4	34.009	111,045.43	58,339.12	103,750.30
6	B05	c1 3/4	34.009	96,148.80	64,241.44	114,246.97
6	B06	c1 3/4	34.009	32,939.46	92,876.42	165,171.43
6	B07	c1 5/6	34.009	104,612.82	64,333.67	114,411.00
6	B08	c1 5/6	34.009	114,172.85	68,385.14	121,616.14
6	B09	c1 5/6	34.009	106,254.64	66,018.64	117,407.56
6	B10	c1 5/6	34.009	107,731.23	73,509.86	130,729.93
6	B11	c1 5/6	34.009	31,107.67	91,694.63	163,069.72
6	B12	c1 5/6	34.009	88,344.10	61,629.67	109,602.20
6	C01	c3 3/4	34.009	48,613.04	87,345.50	155,335.24
6	C02	c3 3/4	34.009	65,997.88	129,847.50	230,920.79
6	C03	c3 3/4	34.009	36,266.09	121,011.23	215,206.37
6	C04	c3 3/4	34.009	67,667.71	117,997.01	209,845.89
6	C05	c3 3/4	34.009	57,801.64	134,764.46	239,665.12
6	C06	c3 3/4	34.009	30,748.63	114,244.87	203,173.07
6	C07	c3 5/6	34.009	43,603.01	145,311.15	258,421.36
6	C08	c3 5/6	34.009	34,494.67	152,006.75	270,328.80
6	C09	c3 5/6	34.009	25,084.25	147,813.47	262,871.47
6	C10	c3 5/6	34.009	70,161.06	137,775.22	245,019.45
6	C11	c3 5/6	34.009	22,412.55	146,899.34	261,245.78
6	C12	c3 5/6	34.009	28,177.67	102,310.53	181,949.04
6	D01	c2 3/4	34.009	19,136.74	91,182.61	162,159.16
6	D02	c2 3/4	34.009	41,189.94	101,968.29	181,340.41
6	D03	c2 3/4	34.009	46,004.49	112,275.90	199,671.46
6	D04	c2 3/4	34.009	58,045.71	131,944.71	234,650.47
6	D05	c2 3/4	34.009	67,945.74	133,789.02	237,930.40
6	D06	c2 3/4	34.009	62,598.46	125,653.90	223,462.90
6	D07	c2 5/6	34.009	54,230.68	90,779.27	161,441.86
6	D08	c2 5/6	34.009	52,873.95	101,804.86	181,049.77
6	D09	c2 5/6	34.009	41,427.37	130,057.56	231,294.36
6	D10	c2 5/6	34.009	48,565.96	119,975.82	213,365.00
6	D11	c2 5/6	34.009	41,494.34	91,334.08	162,428.53
6	D12	c2 5/6	34.009	42,002.06	49,476.60	87,989.18
6	E01	p3.I.2 3/4	34.009	39,653.92	91,821.60	163,295.53
6	E02	p3.I.2 3/4	34.009	47,506.33	129,739.03	230,727.90
6	E03	p3.I.2 3/4	34.009	36,160.33	107,923.81	191,931.71
6	E04	p3.I.2 3/4	34.009	49,536.11	83,411.24	148,338.56
6	E05	p3.I.2 3/4	34.009	44,648.36	134,146.54	238,566.20
6	E06	p3.I.2 3/4	34.009	42,720.16	98,356.88	174,917.88
6	E07	p3.I.2 5/6	34.009	24,282.86	110,537.41	196,579.73
6	E08	p3.I.2 5/6	34.009	35,383.08	113,073.52	201,089.95
6	E09	p3.I.2 5/6	34.009	33,314.51	92,608.20	164,694.43
6	E10	p3.I.2 5/6	34.009	35,578.79	116,408.23	207,020.40
6	E11	p3.I.2 5/6	34.009	32,349.98	115,776.73	205,897.34
6	E12	p3.I.2 5/6	34.009	23,009.93	105,455.64	187,542.30
6	F01	p3.II.2 3/4	34.009	5,364.36	84,684.16	150,602.31
6	F02	p3.II.2 3/4	34.009	33,511.42	92,894.64	165,203.82
6	F03	p3.II.2 3/4	34.009	42,161.15	101,981.52	181,363.94
6	F04	p3.II.2 3/4	34.009	49,225.08	115,963.50	206,229.50
6	F05	p3.II.2 3/4	34.009	41,937.16	93,376.20	166,060.23
6	F06	p3.II.2 3/4	34.009	49,573.83	98,973.18	176,013.90
6	F07	p3.II.2 5/6	34.009	26,623.82	83,353.75	148,236.31
6	F08	p3.II.2 5/6	34.009	31,590.26	92,608.35	164,694.69
6	F09	p3.II.2 5/6	34.009	8,285.92	91,420.97	162,583.06
6	F10	p3.II.2 5/6	34.009	37,049.19	110,226.65	196,027.08
6	F11	p3.II.2 5/6	34.009	21,323.29	91,109.62	162,029.35
6	F12	p3.II.2 5/6	34.009	15,021.13	57,151.81	101,638.77
6	G01	p3.III.1 3/4	34.009	31,290.63	95,714.87	170,219.32
6	G02	p3.III.1 3/4	34.009	25,043.10	85,084.33	151,313.96
6	G03	p3.III.1 3/4	34.009	43,593.32	130,834.36	232,675.82
6	G04	p3.III.1 3/4	34.009	47,350.16	98,274.17	174,770.78
6	G05	p3.III.1 3/4	34.009	42,975.08	113,624.01	202,068.93
6	G06	p3.III.1 3/4	34.009	43,723.04	94,328.29	167,753.42
6	G07	p3.III.1 5/6	34.009	43,115.50	92,259.33	164,073.99
6	G08	p3.III.1 5/6	34.009	46,420.18	105,323.65	187,307.58
6	G09	p3.III.1 5/6	34.009	42,675.56	123,130.52	218,975.31
6	G10	p3.III.1 5/6	34.009	78,812.05	108,200.85	192,424.40
6	G11	p3.III.1 5/6	34.009	37,068.92	85,516.91	152,083.28
6	G12	p3.III.1 5/6	34.009	38,121.20	70,675.60	125,689.48
6	H01	Background	34.009	0	0	0
6	H02	Background	34.009	0	0	0
6	H03	Background	34.009	0	0	0
6	H04	Background	34.009	0	0	0
6	H05	Background	34.009	0	0	0
6	H06	Background	34.009	0	0	0
6	H07	Background	34.009	0	0	0
6	H08	Background	34.009	0	0	0
6	H09	Background	34.009	0	0	0
6	H10	Background	34.009	0	0	0
6	H11	Background	34.009	0	0	0
6	H12	Background	34.009	0	0	0
7	A01	Background	40.551	0	0	0
7	A02	Background	40.551	0	0	0
7	A03	Background	40.551	0	0	0
7	A04	Background	40.551	0	0	0
7	A05	Background	40.551	0	0	0
7	A06	Background	40.551	0	0	0
7	A07	Background	40.551	0	0	0
7	A08	Background	40.551	0	0	0
7	A09	Background	40.551	0	0	0
7	A10	Background	40.551	0	0	0
7	A11	Background	40.551	0	0	0
7	A12	Background	40.551	0	0	0
7	B01	c1 3/4	40.551	78,563.77	79,285.37	141,001.10
7	B02	c1 3/4	40.551	91,462.76	77,319.05	137,504.20
7	B03	c1 3/4	40.551	90,767.63	81,163.47	144,341.11
7	B04	c1 3/4	40.551	100,487.15	63,757.65	113,386.60
7	B05	c1 3/4	40.551	76,805.40	73,704.38	131,075.87
7	B06	c1 3/4	40.551	30,848.45	94,395.20	167,872.43
7	B07	c1 5/6	40.551	86,607.40	73,923.04	131,464.73
7	B08	c1 5/6	40.551	104,684.88	74,379.24	132,276.05
7	B09	c1 5/6	40.551	88,775.94	73,888.70	131,403.66
7	B10	c1 5/6	40.551	90,001.05	82,637.37	146,962.30
7	B11	c1 5/6	40.551	28,666.86	92,247.27	164,052.55
7	B12	c1 5/6	40.551	68,006.67	71,396.80	126,972.06
7	C01	c3 3/4	40.551	43,343.64	85,292.82	151,684.76
7	C02	c3 3/4	40.551	61,197.65	136,050.79	241,952.73
7	C03	c3 3/4	40.551	34,921.06	125,895.65	223,892.82
7	C04	c3 3/4	40.551	62,109.93	123,027.33	218,791.80
7	C05	c3 3/4	40.551	51,335.01	140,532.44	249,922.89
7	C06	c3 3/4	40.551	30,033.05	121,532.91	216,134.13
7	C07	c3 5/6	40.551	41,750.89	147,397.91	262,132.45
7	C08	c3 5/6	40.551	32,111.75	155,222.96	276,048.50
7	C09	c3 5/6	40.551	21,837.24	150,574.47	267,781.64
7	C10	c3 5/6	40.551	66,123.23	140,306.54	249,521.14
7	C11	c3 5/6	40.551	20,345.23	153,855.17	273,616.04
7	C12	c3 5/6	40.551	25,541.22	103,813.06	184,621.14
7	D01	c2 3/4	40.551	18,467.24	93,596.53	166,452.07
7	D02	c2 3/4	40.551	38,984.16	105,865.19	188,270.65
7	D03	c2 3/4	40.551	42,306.86	115,759.58	205,866.84
7	D04	c2 3/4	40.551	56,690.59	136,111.29	242,060.32
7	D05	c2 3/4	40.551	64,242.61	144,560.00	257,085.50
7	D06	c2 3/4	40.551	58,552.62	131,221.99	233,365.18
7	D07	c2 5/6	40.551	45,043.53	99,153.54	176,334.66
7	D08	c2 5/6	40.551	50,401.03	110,759.09	196,973.97
7	D09	c2 5/6	40.551	37,590.88	134,596.99	239,367.29
7	D10	c2 5/6	40.551	45,253.94	122,557.02	217,955.41
7	D11	c2 5/6	40.551	39,148.20	94,747.14	168,498.31
7	D12	c2 5/6	40.551	37,235.66	45,357.97	80,664.61
7	E01	p3.I.2 3/4	40.551	34,287.46	94,340.37	167,774.91
7	E02	p3.I.2 3/4	40.551	47,954.08	136,928.00	243,512.76
7	E03	p3.I.2 3/4	40.551	34,229.87	115,104.94	204,702.63
7	E04	p3.I.2 3/4	40.551	39,961.62	102,097.72	181,570.59
7	E05	p3.I.2 3/4	40.551	47,523.25	143,144.26	254,567.75
7	E06	p3.I.2 3/4	40.551	48,009.25	109,791.67	195,253.51
7	E07	p3.I.2 5/6	40.551	21,078.21	119,393.16	212,328.79
7	E08	p3.I.2 5/6	40.551	32,291.28	123,544.07	219,710.77
7	E09	p3.I.2 5/6	40.551	29,119.47	102,931.15	183,052.75
7	E10	p3.I.2 5/6	40.551	31,603.34	123,501.50	219,635.06
7	E11	p3.I.2 5/6	40.551	31,806.51	119,368.15	212,284.32
7	E12	p3.I.2 5/6	40.551	19,859.66	104,852.10	186,468.97
7	F01	p3.II.2 3/4	40.551	1,654.80	83,791.08	149,014.05
7	F02	p3.II.2 3/4	40.551	34,124.32	88,050.19	156,588.46
7	F03	p3.II.2 3/4	40.551	41,428.64	109,152.49	194,116.78
7	F04	p3.II.2 3/4	40.551	45,178.67	122,075.14	217,098.43
7	F05	p3.II.2 3/4	40.551	36,050.65	96,767.54	172,091.39
7	F06	p3.II.2 3/4	40.551	44,355.35	104,903.16	186,559.78
7	F07	p3.II.2 5/6	40.551	24,324.97	92,029.81	163,665.81
7	F08	p3.II.2 5/6	40.551	27,070.60	99,672.45	177,257.48
7	F09	p3.II.2 5/6	40.551	12,032.79	99,076.95	176,198.45
7	F10	p3.II.2 5/6	40.551	34,191.74	109,610.28	194,930.92
7	F11	p3.II.2 5/6	40.551	22,215.20	94,536.20	168,123.18
7	F12	p3.II.2 5/6	40.551	15,120.05	58,986.59	104,901.74
7	G01	p3.III.1 3/4	40.551	25,369.41	99,338.55	176,663.68
7	G02	p3.III.1 3/4	40.551	20,197.20	88,667.27	157,685.88
7	G03	p3.III.1 3/4	40.551	42,247.94	135,152.27	240,354.80
7	G04	p3.III.1 3/4	40.551	39,385.36	98,762.11	175,638.53
7	G05	p3.III.1 3/4	40.551	38,720.30	111,661.99	198,579.68
7	G06	p3.III.1 3/4	40.551	41,262.64	94,187.05	167,502.26
7	G07	p3.III.1 5/6	40.551	40,677.69	92,317.94	164,178.22
7	G08	p3.III.1 5/6	40.551	37,206.51	107,581.20	191,322.41
7	G09	p3.III.1 5/6	40.551	35,453.15	126,792.57	225,487.90
7	G10	p3.III.1 5/6	40.551	64,710.78	116,161.36	206,581.37
7	G11	p3.III.1 5/6	40.551	28,003.33	86,930.13	154,596.55
7	G12	p3.III.1 5/6	40.551	29,116.44	69,076.73	122,846.05
7	H01	Background	40.551	0	0	0
7	H02	Background	40.551	0	0	0
7	H03	Background	40.551	0	0	0
7	H04	Background	40.551	0	0	0
7	H05	Background	40.551	0	0	0
7	H06	Background	40.551	0	0	0
7	H07	Background	40.551	0	0	0
7	H08	Background	40.551	0	0	0
7	H09	Background	40.551	0	0	0
7	H10	Background	40.551	0	0	0
7	H11	Background	40.551	0	0	0
7	H12	Background	40.551	0	0	0
8	A01	Background	47.147	0	0	0
8	A02	Background	47.147	0	0	0
8	A03	Background	47.147	0	0	0
8	A04	Background	47.147	0	0	0
8	A05	Background	47.147	0	0	0
8	A06	Background	47.147	0	0	0
8	A07	Background	47.147	0	0	0
8	A08	Background	47.147	0	0	0
8	A09	Background	47.147	0	0	0
8	A10	Background	47.147	0	0	0
8	A11	Background	47.147	0	0	0
8	A12	Background	47.147	0	0	0
8	B01	c1 3/4	47.147	269,068.80	84,786.24	150,783.85
8	B02	c1 3/4	47.147	294,735.11	96,052.75	170,820.21
8	B03	c1 3/4	47.147	286,755.48	107,656.34	191,456.04
8	B04	c1 3/4	47.147	249,548.43	84,389.66	150,078.57
8	B05	c1 3/4	47.147	267,241.84	100,347.53	178,458.05
8	B06	c1 3/4	47.147	30,597.97	60,675.58	107,905.46
8	B07	c1 5/6	47.147	271,600.15	92,908.12	165,227.81
8	B08	c1 5/6	47.147	240,616.68	112,061.82	199,290.74
8	B09	c1 5/6	47.147	226,038.97	98,062.90	174,395.05
8	B10	c1 5/6	47.147	236,444.11	114,586.45	203,780.54
8	B11	c1 5/6	47.147	27,835.65	63,723.82	113,326.43
8	B12	c1 5/6	47.147	207,914.72	89,881.87	159,845.92
8	C01	c3 3/4	47.147	157,527.57	66,575.32	118,397.55
8	C02	c3 3/4	47.147	239,914.57	111,310.06	197,953.82
8	C03	c3 3/4	47.147	32,867.66	78,846.66	140,220.91
8	C04	c3 3/4	47.147	286,994.06	109,868.77	195,390.63
8	C05	c3 3/4	47.147	231,565.45	139,160.12	247,482.37
8	C06	c3 3/4	47.147	27,042.10	66,757.87	118,722.20
8	C07	c3 5/6	47.147	35,987.07	122,601.79	218,035.03
8	C08	c3 5/6	47.147	27,046.51	133,481.55	237,383.59
8	C09	c3 5/6	47.147	19,710.43	122,110.81	217,161.86
8	C10	c3 5/6	47.147	68,226.30	103,733.84	184,480.26
8	C11	c3 5/6	47.147	16,993.17	121,578.43	216,215.09
8	C12	c3 5/6	47.147	161,704.85	102,649.84	182,552.48
8	D01	c2 3/4	47.147	116,026.19	91,952.47	163,528.28
8	D02	c2 3/4	47.147	271,174.80	100,093.89	178,006.98
8	D03	c2 3/4	47.147	232,073.71	106,869.45	190,056.64
8	D04	c2 3/4	47.147	200,750.24	118,798.29	211,270.88
8	D05	c2 3/4	47.147	268,150.54	118,090.17	210,011.55
8	D06	c2 3/4	47.147	225,895.36	122,213.16	217,343.88
8	D07	c2 5/6	47.147	260,496.88	96,618.80	171,826.87
8	D08	c2 5/6	47.147	305,892.74	115,095.95	204,686.65
8	D09	c2 5/6	47.147	251,794.71	138,757.87	246,767.00
8	D10	c2 5/6	47.147	229,900.27	119,890.59	213,213.43
8	D11	c2 5/6	47.147	212,624.90	72,097.56	128,218.30
8	D12	c2 5/6	47.147	139,983.51	40,039.14	71,205.60
8	E01	p3.I.2 3/4	47.147	134,766.95	81,022.87	144,091.07
8	E02	p3.I.2 3/4	47.147	135,191.66	118,797.15	211,268.85
8	E03	p3.I.2 3/4	47.147	162,243.15	91,792.11	163,243.09
8	E04	p3.I.2 3/4	47.147	226,097.91	54,772.29	97,407.05
8	E05	p3.I.2 3/4	47.147	146,415.48	131,893.53	234,559.45
8	E06	p3.I.2 3/4	47.147	146,876.85	64,608.95	114,900.56
8	E07	p3.I.2 5/6	47.147	138,508.37	103,235.09	183,593.28
8	E08	p3.I.2 5/6	47.147	126,770.39	94,150.18	167,436.68
8	E09	p3.I.2 5/6	47.147	166,080.59	85,939.84	152,835.42
8	E10	p3.I.2 5/6	47.147	137,176.72	105,148.85	186,996.72
8	E11	p3.I.2 5/6	47.147	157,968.63	80,983.54	144,021.13
8	E12	p3.I.2 5/6	47.147	116,540.97	87,680.81	155,931.55
8	F01	p3.II.2 3/4	47.147	11,236.56	60,842.93	108,203.06
8	F02	p3.II.2 3/4	47.147	31,796.02	52,977.04	94,214.37
8	F03	p3.II.2 3/4	47.147	191,449.27	84,806.12	150,819.20
8	F04	p3.II.2 3/4	47.147	194,900.62	106,919.50	190,145.63
8	F05	p3.II.2 3/4	47.147	33,793.12	46,797.78	83,225.16
8	F06	p3.II.2 3/4	47.147	190,576.92	70,494.67	125,367.72
8	F07	p3.II.2 5/6	47.147	22,703.66	22,959.41	40,831.01
8	F08	p3.II.2 5/6	47.147	21,648.19	32,238.05	57,332.14
8	F09	p3.II.2 5/6	47.147	8,842.43	46,000.38	81,807.08
8	F10	p3.II.2 5/6	47.147	33,235.69	57,814.96	102,818.12
8	F11	p3.II.2 5/6	47.147	18,310.66	47,791.43	84,992.28
8	F12	p3.II.2 5/6	47.147	14,659.42	24,273.36	43,167.75
8	G01	p3.III.1 3/4	47.147	140,824.62	90,798.01	161,475.18
8	G02	p3.III.1 3/4	47.147	171,942.69	85,138.54	151,410.38
8	G03	p3.III.1 3/4	47.147	138,129.63	110,538.04	196,580.84
8	G04	p3.III.1 3/4	47.147	186,846.64	89,709.49	159,539.36
8	G05	p3.III.1 3/4	47.147	175,774.38	91,627.77	162,950.82
8	G06	p3.III.1 3/4	47.147	196,072.73	86,483.16	153,801.65
8	G07	p3.III.1 5/6	47.147	227,310.21	74,029.40	131,653.88
8	G08	p3.III.1 5/6	47.147	231,267.89	97,007.76	172,518.59
8	G09	p3.III.1 5/6	47.147	201,472.02	115,196.10	204,864.74
8	G10	p3.III.1 5/6	47.147	233,306.31	109,325.57	194,424.60
8	G11	p3.III.1 5/6	47.147	169,617.28	78,942.26	140,390.92
8	G12	p3.III.1 5/6	47.147	187,335.25	69,606.68	123,788.52
8	H01	Background	47.147	0	0	0
8	H02	Background	47.147	0	0	0
8	H03	Background	47.147	0	0	0
8	H04	Background	47.147	0	0	0
8	H05	Background	47.147	0	0	0
8	H06	Background	47.147	0	0	0
8	H07	Background	47.147	0	0	0
8	H08	Background	47.147	0	0	0
8	H09	Background	47.147	0	0	0
8	H10	Background	47.147	0	0	0
8	H11	Background	47.147	0	0	0
8	H12	Background	47.147	0	0	0
9	A01	Background	53.658	0	0	0
9	A02	Background	53.658	0	0	0
9	A03	Background	53.658	0	0	0
9	A04	Background	53.658	0	0	0
9	A05	Background	53.658	0	0	0
9	A06	Background	53.658	0	0	0
9	A07	Background	53.658	0	0	0
9	A08	Background	53.658	0	0	0
9	A09	Background	53.658	0	0	0
9	A10	Background	53.658	0	0	0
9	A11	Background	53.658	0	0	0
9	A12	Background	53.658	0	0	0
9	B01	c1 3/4	53.658	271,327.95	106,286.73	189,020.31
9	B02	c1 3/4	53.658	298,566.70	116,256.75	206,751.00
9	B03	c1 3/4	53.658	292,347.12	120,852.54	214,924.16
9	B04	c1 3/4	53.658	260,068.51	105,658.58	187,903.22
9	B05	c1 3/4	53.658	274,373.44	115,087.93	204,672.38
9	B06	c1 3/4	53.658	28,565.23	94,729.11	168,466.26
9	B07	c1 5/6	53.658	262,261.72	117,779.90	209,459.78
9	B08	c1 5/6	53.658	242,892.78	129,377.20	230,084.42
9	B09	c1 5/6	53.658	226,975.77	118,384.73	210,535.40
9	B10	c1 5/6	53.658	236,463.56	128,946.96	229,319.27
9	B11	c1 5/6	53.658	25,802.42	97,329.33	173,090.49
9	B12	c1 5/6	53.658	202,268.30	108,728.43	193,362.64
9	C01	c3 3/4	53.658	182,116.20	87,988.51	156,478.76
9	C02	c3 3/4	53.658	242,449.21	135,786.73	241,483.12
9	C03	c3 3/4	53.658	31,588.74	107,039.11	190,358.36
9	C04	c3 3/4	53.658	293,848.90	125,200.23	222,656.09
9	C05	c3 3/4	53.658	249,106.64	152,768.65	271,683.76
9	C06	c3 3/4	53.658	27,079.56	102,286.60	181,906.49
9	C07	c3 5/6	53.658	37,575.86	143,996.46	256,083.30
9	C08	c3 5/6	53.658	24,717.77	151,743.98	269,861.49
9	C09	c3 5/6	53.658	20,343.66	147,709.73	262,686.99
9	C10	c3 5/6	53.658	66,507.61	128,380.97	228,312.71
9	C11	c3 5/6	53.658	16,156.09	144,361.94	256,733.27
9	C12	c3 5/6	53.658	168,973.03	112,769.20	200,548.74
9	D01	c2 3/4	53.658	134,230.31	107,710.98	191,553.21
9	D02	c2 3/4	53.658	280,256.30	111,906.21	199,014.00
9	D03	c2 3/4	53.658	244,405.40	130,163.36	231,482.52
9	D04	c2 3/4	53.658	206,075.36	133,754.38	237,868.79
9	D05	c2 3/4	53.658	271,216.70	139,315.19	247,758.14
9	D06	c2 3/4	53.658	234,092.86	139,752.63	248,536.07
9	D07	c2 5/6	53.658	262,065.29	114,309.68	203,288.34
9	D08	c2 5/6	53.658	295,422.14	133,108.40	236,719.97
9	D09	c2 5/6	53.658	255,854.54	155,607.40	276,732.20
9	D10	c2 5/6	53.658	235,932.59	139,421.79	247,947.70
9	D11	c2 5/6	53.658	213,448.38	106,737.34	189,821.69
9	D12	c2 5/6	53.658	142,604.30	58,365.75	103,797.65
9	E01	p3.I.2 3/4	53.658	152,560.99	96,290.96	171,243.85
9	E02	p3.I.2 3/4	53.658	153,743.80	130,867.21	232,734.24
9	E03	p3.I.2 3/4	53.658	169,314.00	105,312.47	187,287.70
9	E04	p3.I.2 3/4	53.658	227,534.47	86,672.80	154,138.92
9	E05	p3.I.2 3/4	53.658	156,433.59	135,721.82	241,367.69
9	E06	p3.I.2 3/4	53.658	170,897.73	97,247.90	172,945.67
9	E07	p3.I.2 5/6	53.658	160,555.11	126,624.88	225,189.69
9	E08	p3.I.2 5/6	53.658	144,333.01	121,489.65	216,057.19
9	E09	p3.I.2 5/6	53.658	171,427.25	114,373.64	203,402.09
9	E10	p3.I.2 5/6	53.658	149,804.35	121,115.08	215,391.06
9	E11	p3.I.2 5/6	53.658	171,212.86	111,812.06	198,846.56
9	E12	p3.I.2 5/6	53.658	122,246.77	103,401.41	183,889.06
9	F01	p3.II.2 3/4	53.658	7,080.37	70,768.69	125,855.03
9	F02	p3.II.2 3/4	53.658	31,024.10	75,864.29	134,917.06
9	F03	p3.II.2 3/4	53.658	208,539.26	104,134.42	185,192.65
9	F04	p3.II.2 3/4	53.658	213,522.61	115,292.81	205,036.74
9	F05	p3.II.2 3/4	53.658	37,859.84	69,554.00	123,694.83
9	F06	p3.II.2 3/4	53.658	197,660.82	98,458.82	175,099.16
9	F07	p3.II.2 5/6	53.658	21,064.29	63,956.79	113,740.75
9	F08	p3.II.2 5/6	53.658	21,880.71	73,535.73	130,775.95
9	F09	p3.II.2 5/6	53.658	6,567.54	75,365.44	134,029.90
9	F10	p3.II.2 5/6	53.658	31,871.70	98,111.78	174,482.00
9	F11	p3.II.2 5/6	53.658	22,586.36	76,351.97	135,784.34
9	F12	p3.II.2 5/6	53.658	16,799.10	37,241.96	66,231.11
9	G01	p3.III.1 3/4	53.658	154,452.84	102,332.58	181,988.26
9	G02	p3.III.1 3/4	53.658	182,521.18	90,091.64	160,218.97
9	G03	p3.III.1 3/4	53.658	142,388.01	118,563.00	210,852.44
9	G04	p3.III.1 3/4	53.658	191,805.29	103,762.96	184,532.04
9	G05	p3.III.1 3/4	53.658	185,947.41	110,771.62	196,996.25
9	G06	p3.III.1 3/4	53.658	210,980.87	101,084.49	179,768.66
9	G07	p3.III.1 5/6	53.658	234,508.76	100,542.24	178,804.32
9	G08	p3.III.1 5/6	53.658	227,480.65	116,456.74	207,106.66
9	G09	p3.III.1 5/6	53.658	214,537.04	134,232.22	238,718.58
9	G10	p3.III.1 5/6	53.658	230,896.77	130,628.15	232,309.10
9	G11	p3.III.1 5/6	53.658	178,516.75	98,936.99	175,949.54
9	G12	p3.III.1 5/6	53.658	181,268.94	79,224.63	140,893.08
9	H01	Background	53.658	0	0	0
9	H02	Background	53.658	0	0	0
9	H03	Background	53.658	0	0	0
9	H04	Background	53.658	0	0	0
9	H05	Background	53.658	0	0	0
9	H06	Background	53.658	0	0	0
9	H07	Background	53.658	0	0	0
9	H08	Background	53.658	0	0	0
9	H09	Background	53.658	0	0	0
9	H10	Background	53.658	0	0	0
9	H11	Background	53.658	0	0	0
9	H12	Background	53.658	0	0	0
10	A01	Background	60.207	0	0	0
10	A02	Background	60.207	0	0	0
10	A03	Background	60.207	0	0	0
10	A04	Background	60.207	0	0	0
10	A05	Background	60.207	0	0	0
10	A06	Background	60.207	0	0	0
10	A07	Background	60.207	0	0	0
10	A08	Background	60.207	0	0	0
10	A09	Background	60.207	0	0	0
10	A10	Background	60.207	0	0	0
10	A11	Background	60.207	0	0	0
10	A12	Background	60.207	0	0	0
10	B01	c1 3/4	60.207	252,097.90	112,149.17	199,446.09
10	B02	c1 3/4	60.207	289,106.77	120,220.60	213,800.31
10	B03	c1 3/4	60.207	283,312.86	121,725.90	216,477.34
10	B04	c1 3/4	60.207	247,490.89	108,753.95	193,408.02
10	B05	c1 3/4	60.207	263,490.95	115,391.76	205,212.70
10	B06	c1 3/4	60.207	27,652.70	100,695.88	179,077.55
10	B07	c1 5/6	60.207	235,896.20	121,774.67	216,564.08
10	B08	c1 5/6	60.207	220,397.91	129,562.84	230,414.55
10	B09	c1 5/6	60.207	201,873.51	120,708.08	214,667.25
10	B10	c1 5/6	60.207	211,944.45	129,001.13	229,415.62
10	B11	c1 5/6	60.207	24,604.68	103,383.92	183,857.96
10	B12	c1 5/6	60.207	183,988.87	112,303.32	199,720.22
10	C01	c3 3/4	60.207	197,458.57	97,717.00	173,779.91
10	C02	c3 3/4	60.207	253,123.90	147,819.33	262,881.90
10	C03	c3 3/4	60.207	31,690.49	120,122.62	213,626.07
10	C04	c3 3/4	60.207	286,711.42	132,766.63	236,112.18
10	C05	c3 3/4	60.207	264,331.83	160,619.59	285,645.88
10	C06	c3 3/4	60.207	21,934.76	117,223.39	208,470.08
10	C07	c3 5/6	60.207	34,901.97	153,581.28	273,128.95
10	C08	c3 5/6	60.207	28,365.44	162,470.21	288,937.02
10	C09	c3 5/6	60.207	18,274.58	158,658.94	282,159.06
10	C10	c3 5/6	60.207	62,543.42	137,860.22	245,170.61
10	C11	c3 5/6	60.207	14,803.42	154,171.77	274,179.08
10	C12	c3 5/6	60.207	173,997.95	118,765.37	211,212.34
10	D01	c2 3/4	60.207	152,685.02	116,679.30	207,502.46
10	D02	c2 3/4	60.207	285,998.94	125,215.50	222,683.25
10	D03	c2 3/4	60.207	252,463.35	138,626.12	246,532.69
10	D04	c2 3/4	60.207	212,742.36	146,659.15	260,818.64
10	D05	c2 3/4	60.207	280,543.87	153,072.09	272,223.40
10	D06	c2 3/4	60.207	248,329.96	148,979.55	264,945.23
10	D07	c2 5/6	60.207	259,300.83	124,137.76	220,766.60
10	D08	c2 5/6	60.207	295,029.66	144,216.50	256,474.62
10	D09	c2 5/6	60.207	268,043.28	163,610.62	290,965.13
10	D10	c2 5/6	60.207	248,319.42	151,239.94	268,965.10
10	D11	c2 5/6	60.207	224,367.67	116,537.79	207,250.81
10	D12	c2 5/6	60.207	144,043.53	60,734.45	108,010.14
10	E01	p3.I.2 3/4	60.207	165,932.03	108,394.45	192,768.69
10	E02	p3.I.2 3/4	60.207	166,812.64	138,778.46	246,803.61
10	E03	p3.I.2 3/4	60.207	180,372.20	120,448.74	214,206.04
10	E04	p3.I.2 3/4	60.207	232,301.68	104,305.47	185,496.84
10	E05	p3.I.2 3/4	60.207	180,882.96	144,154.73	256,364.78
10	E06	p3.I.2 3/4	60.207	180,177.25	109,785.48	195,242.49
10	E07	p3.I.2 5/6	60.207	168,428.90	137,830.56	245,117.88
10	E08	p3.I.2 5/6	60.207	163,366.08	136,054.55	241,959.41
10	E09	p3.I.2 5/6	60.207	178,617.23	123,904.85	220,352.39
10	E10	p3.I.2 5/6	60.207	163,165.57	130,839.03	232,684.14
10	E11	p3.I.2 5/6	60.207	177,461.17	123,425.55	219,500.01
10	E12	p3.I.2 5/6	60.207	137,093.70	110,712.12	196,890.44
10	F01	p3.II.2 3/4	60.207	8,035.61	80,266.27	142,745.54
10	F02	p3.II.2 3/4	60.207	31,412.78	86,277.82	153,436.48
10	F03	p3.II.2 3/4	60.207	215,462.90	115,665.85	205,700.15
10	F04	p3.II.2 3/4	60.207	225,561.45	126,864.20	225,615.29
10	F05	p3.II.2 3/4	60.207	39,056.39	81,392.46	144,748.36
10	F06	p3.II.2 3/4	60.207	205,261.00	112,299.09	199,712.70
10	F07	p3.II.2 5/6	60.207	24,512.23	79,955.04	142,192.04
10	F08	p3.II.2 5/6	60.207	24,738.56	89,468.91	159,111.50
10	F09	p3.II.2 5/6	60.207	9,414.11	90,315.91	160,617.81
10	F10	p3.II.2 5/6	60.207	35,790.94	105,902.49	188,336.99
10	F11	p3.II.2 5/6	60.207	20,535.22	85,107.18	151,354.62
10	F12	p3.II.2 5/6	60.207	16,996.95	43,680.69	77,681.73
10	G01	p3.III.1 3/4	60.207	172,768.77	107,909.19	191,905.71
10	G02	p3.III.1 3/4	60.207	189,290.23	96,244.20	171,160.68
10	G03	p3.III.1 3/4	60.207	131,520.45	125,654.60	223,464.13
10	G04	p3.III.1 3/4	60.207	199,028.00	113,978.75	202,699.81
10	G05	p3.III.1 3/4	60.207	196,894.22	115,884.43	206,088.87
10	G06	p3.III.1 3/4	60.207	217,203.49	110,109.34	195,818.45
10	G07	p3.III.1 5/6	60.207	226,216.26	107,794.24	191,701.28
10	G08	p3.III.1 5/6	60.207	221,452.75	122,251.16	217,411.46
10	G09	p3.III.1 5/6	60.207	220,623.75	143,392.27	255,008.81
10	G10	p3.III.1 5/6	60.207	228,157.52	136,049.11	241,949.74
10	G11	p3.III.1 5/6	60.207	181,456.60	101,944.64	181,298.35
10	G12	p3.III.1 5/6	60.207	172,488.73	80,142.31	142,525.08
10	H01	Background	60.207	0	0	0
10	H02	Background	60.207	0	0	0
10	H03	Background	60.207	0	0	0
10	H04	Background	60.207	0	0	0
10	H05	Background	60.207	0	0	0
10	H06	Background	60.207	0	0	0
10	H07	Background	60.207	0	0	0
10	H08	Background	60.207	0	0	0
10	H09	Background	60.207	0	0	0
10	H10	Background	60.207	0	0	0
10	H11	Background	60.207	0	0	0
10	H12	Background	60.207	0	0	0
11	A01	Background	66.828	0	0	0
11	A02	Background	66.828	0	0	0
11	A03	Background	66.828	0	0	0
11	A04	Background	66.828	0	0	0
11	A05	Background	66.828	0	0	0
11	A06	Background	66.828	0	0	0
11	A07	Background	66.828	0	0	0
11	A08	Background	66.828	0	0	0
11	A09	Background	66.828	0	0	0
11	A10	Background	66.828	0	0	0
11	A11	Background	66.828	0	0	0
11	A12	Background	66.828	0	0	0
11	B01	c1 3/4	66.828	209,925.10	120,785.31	214,804.60
11	B02	c1 3/4	66.828	241,494.49	135,997.44	241,857.84
11	B03	c1 3/4	66.828	245,854.65	134,195.59	238,653.44
11	B04	c1 3/4	66.828	200,691.83	112,091.74	199,343.95
11	B05	c1 3/4	66.828	215,523.44	127,429.24	226,620.15
11	B06	c1 3/4	66.828	26,304.72	101,521.61	180,546.02
11	B07	c1 5/6	66.828	198,977.09	126,212.86	224,456.96
11	B08	c1 5/6	66.828	184,003.37	142,060.82	252,640.97
11	B09	c1 5/6	66.828	168,533.77	130,791.02	232,598.76
11	B10	c1 5/6	66.828	185,110.69	136,879.39	243,426.31
11	B11	c1 5/6	66.828	22,272.03	104,781.14	186,342.77
11	B12	c1 5/6	66.828	160,974.19	116,649.48	207,449.43
11	C01	c3 3/4	66.828	205,512.01	106,774.24	189,887.32
11	C02	c3 3/4	66.828	263,111.41	162,605.29	289,177.24
11	C03	c3 3/4	66.828	34,189.20	120,349.59	214,029.70
11	C04	c3 3/4	66.828	276,624.57	153,450.26	272,895.94
11	C05	c3 3/4	66.828	273,026.39	181,326.88	322,471.73
11	C06	c3 3/4	66.828	23,080.86	114,394.09	203,438.46
11	C07	c3 5/6	66.828	35,210.37	153,001.22	272,097.37
11	C08	c3 5/6	66.828	28,189.20	167,677.07	298,196.90
11	C09	c3 5/6	66.828	16,405.77	160,082.20	284,690.19
11	C10	c3 5/6	66.828	65,916.56	136,112.03	242,061.63
11	C11	c3 5/6	66.828	15,346.10	153,960.58	273,803.50
11	C12	c3 5/6	66.828	172,484.17	126,408.30	224,804.52
11	D01	c2 3/4	66.828	157,339.00	115,596.00	205,575.92
11	D02	c2 3/4	66.828	287,347.32	131,335.94	233,567.84
11	D03	c2 3/4	66.828	284,389.57	142,122.04	252,749.83
11	D04	c2 3/4	66.828	228,300.78	159,025.26	282,810.52
11	D05	c2 3/4	66.828	300,931.15	156,498.02	278,316.08
11	D06	c2 3/4	66.828	269,057.68	158,311.89	281,541.87
11	D07	c2 5/6	66.828	247,521.39	120,598.06	214,471.59
11	D08	c2 5/6	66.828	276,584.04	142,115.68	252,738.53
11	D09	c2 5/6	66.828	283,136.24	174,808.05	310,878.63
11	D10	c2 5/6	66.828	257,946.53	150,975.22	268,494.33
11	D11	c2 5/6	66.828	235,712.82	103,631.47	184,298.20
11	D12	c2 5/6	66.828	132,119.27	57,995.19	103,138.64
11	E01	p3.I.2 3/4	66.828	180,894.86	114,051.53	202,829.25
11	E02	p3.I.2 3/4	66.828	190,634.84	143,768.30	255,677.54
11	E03	p3.I.2 3/4	66.828	203,739.22	128,318.32	228,201.29
11	E04	p3.I.2 3/4	66.828	238,115.17	95,994.45	170,716.54
11	E05	p3.I.2 3/4	66.828	206,601.54	153,414.78	272,832.84
11	E06	p3.I.2 3/4	66.828	203,834.40	107,027.03	190,336.86
11	E07	p3.I.2 5/6	66.828	188,441.88	136,410.88	242,593.10
11	E08	p3.I.2 5/6	66.828	185,277.21	134,621.91	239,411.61
11	E09	p3.I.2 5/6	66.828	184,610.11	118,251.28	210,298.08
11	E10	p3.I.2 5/6	66.828	181,404.83	133,450.88	237,329.05
11	E11	p3.I.2 5/6	66.828	186,139.43	113,877.47	202,519.70
11	E12	p3.I.2 5/6	66.828	158,227.20	114,853.60	204,255.65
11	F01	p3.II.2 3/4	66.828	10,266.21	81,553.01	145,033.87
11	F02	p3.II.2 3/4	66.828	28,260.93	78,175.87	139,027.96
11	F03	p3.II.2 3/4	66.828	234,407.38	120,166.33	213,703.80
11	F04	p3.II.2 3/4	66.828	243,499.03	139,548.19	248,172.51
11	F05	p3.II.2 3/4	66.828	37,108.79	71,453.80	127,073.44
11	F06	p3.II.2 3/4	66.828	223,935.15	103,663.51	184,355.19
11	F07	p3.II.2 5/6	66.828	24,941.33	63,410.18	112,768.67
11	F08	p3.II.2 5/6	66.828	26,285.32	66,740.45	118,691.22
11	F09	p3.II.2 5/6	66.828	8,460.39	75,828.91	134,854.14
11	F10	p3.II.2 5/6	66.828	32,781.20	86,805.88	154,375.57
11	F11	p3.II.2 5/6	66.828	17,994.91	67,360.29	119,793.54
11	F12	p3.II.2 5/6	66.828	19,604.27	43,541.65	77,434.47
11	G01	p3.III.1 3/4	66.828	182,654.28	116,234.46	206,711.37
11	G02	p3.III.1 3/4	66.828	179,340.92	101,872.10	181,169.34
11	G03	p3.III.1 3/4	66.828	112,945.13	133,033.97	236,587.61
11	G04	p3.III.1 3/4	66.828	202,296.82	112,376.91	199,851.10
11	G05	p3.III.1 3/4	66.828	203,425.90	110,540.70	196,585.58
11	G06	p3.III.1 3/4	66.828	212,189.66	104,565.79	185,959.80
11	G07	p3.III.1 5/6	66.828	206,506.86	96,119.24	170,938.46
11	G08	p3.III.1 5/6	66.828	203,771.96	113,835.33	202,444.75
11	G09	p3.III.1 5/6	66.828	219,382.36	144,687.72	257,312.64
11	G10	p3.III.1 5/6	66.828	219,459.54	133,921.16	238,165.40
11	G11	p3.III.1 5/6	66.828	179,975.67	102,057.42	181,498.92
11	G12	p3.III.1 5/6	66.828	160,242.39	81,868.03	145,594.11
11	H01	Background	66.828	0	0	0
11	H02	Background	66.828	0	0	0
11	H03	Background	66.828	0	0	0
11	H04	Background	66.828	0	0	0
11	H05	Background	66.828	0	0	0
11	H06	Background	66.828	0	0	0
11	H07	Background	66.828	0	0	0
11	H08	Background	66.828	0	0	0
11	H09	Background	66.828	0	0	0
11	H10	Background	66.828	0	0	0
11	H11	Background	66.828	0	0	0
11	H12	Background	66.828	0	0	0
12	A01	Background	73.329	0	0	0
12	A02	Background	73.329	0	0	0
12	A03	Background	73.329	0	0	0
12	A04	Background	73.329	0	0	0
12	A05	Background	73.329	0	0	0
12	A06	Background	73.329	0	0	0
12	A07	Background	73.329	0	0	0
12	A08	Background	73.329	0	0	0
12	A09	Background	73.329	0	0	0
12	A10	Background	73.329	0	0	0
12	A11	Background	73.329	0	0	0
12	A12	Background	73.329	0	0	0
12	B01	c1 3/4	73.329	202,109.25	122,630.28	218,085.70
12	B02	c1 3/4	73.329	235,820.76	133,032.43	236,584.87
12	B03	c1 3/4	73.329	235,674.87	135,577.36	241,110.79
12	B04	c1 3/4	73.329	198,953.96	116,070.31	206,419.44
12	B05	c1 3/4	73.329	208,228.19	126,209.08	224,450.23
12	B06	c1 3/4	73.329	25,389.99	109,338.57	194,447.71
12	B07	c1 5/6	73.329	186,306.66	127,543.28	226,822.96
12	B08	c1 5/6	73.329	177,036.61	138,674.16	246,618.13
12	B09	c1 5/6	73.329	155,563.55	130,124.92	231,414.16
12	B10	c1 5/6	73.329	175,813.89	135,445.05	240,875.48
12	B11	c1 5/6	73.329	22,369.21	112,756.55	200,526.24
12	B12	c1 5/6	73.329	152,803.63	116,620.98	207,398.75
12	C01	c3 3/4	73.329	206,840.68	109,666.76	195,031.36
12	C02	c3 3/4	73.329	270,253.01	164,758.49	293,006.50
12	C03	c3 3/4	73.329	31,414.88	126,620.85	225,182.51
12	C04	c3 3/4	73.329	273,700.08	151,843.80	270,039.01
12	C05	c3 3/4	73.329	276,388.78	179,119.28	318,545.72
12	C06	c3 3/4	73.329	24,850.39	122,818.54	218,420.50
12	C07	c3 5/6	73.329	35,806.69	157,537.51	280,164.70
12	C08	c3 5/6	73.329	28,341.96	167,216.18	297,377.26
12	C09	c3 5/6	73.329	18,048.97	164,649.84	292,813.28
12	C10	c3 5/6	73.329	65,004.60	142,646.56	253,682.65
12	C11	c3 5/6	73.329	14,469.15	158,708.13	282,246.53
12	C12	c3 5/6	73.329	171,607.54	125,140.78	222,550.37
12	D01	c2 3/4	73.329	163,417.07	123,035.45	218,806.25
12	D02	c2 3/4	73.329	288,368.45	132,575.07	235,771.51
12	D03	c2 3/4	73.329	288,960.27	146,896.66	261,241.02
12	D04	c2 3/4	73.329	239,863.55	161,736.50	287,632.20
12	D05	c2 3/4	73.329	306,471.03	161,766.34	287,685.25
12	D06	c2 3/4	73.329	274,367.33	157,091.77	279,372.00
12	D07	c2 5/6	73.329	242,218.50	126,630.95	225,200.48
12	D08	c2 5/6	73.329	273,671.16	142,490.89	253,405.79
12	D09	c2 5/6	73.329	286,656.60	167,881.99	298,561.33
12	D10	c2 5/6	73.329	261,076.84	153,949.29	273,783.41
12	D11	c2 5/6	73.329	240,563.65	116,367.98	206,948.82
12	D12	c2 5/6	73.329	134,659.69	63,880.39	113,604.89
12	E01	p3.I.2 3/4	73.329	183,456.03	116,341.06	206,900.95
12	E02	p3.I.2 3/4	73.329	200,173.32	150,076.99	266,896.92
12	E03	p3.I.2 3/4	73.329	208,030.69	133,650.38	237,683.84
12	E04	p3.I.2 3/4	73.329	236,004.15	106,075.27	188,644.25
12	E05	p3.I.2 3/4	73.329	214,257.74	154,068.42	273,995.28
12	E06	p3.I.2 3/4	73.329	214,220.24	116,617.59	207,392.73
12	E07	p3.I.2 5/6	73.329	199,543.48	138,388.12	246,109.43
12	E08	p3.I.2 5/6	73.329	192,596.30	140,170.59	249,279.38
12	E09	p3.I.2 5/6	73.329	192,502.66	121,781.86	216,576.87
12	E10	p3.I.2 5/6	73.329	189,071.32	134,850.66	239,818.41
12	E11	p3.I.2 5/6	73.329	194,452.25	120,290.46	213,924.55
12	E12	p3.I.2 5/6	73.329	164,301.38	118,370.40	210,509.92
12	F01	p3.II.2 3/4	73.329	7,769.40	85,522.30	152,092.85
12	F02	p3.II.2 3/4	73.329	31,524.84	83,917.87	149,239.54
12	F03	p3.II.2 3/4	73.329	236,150.07	121,234.56	215,603.53
12	F04	p3.II.2 3/4	73.329	253,940.26	138,456.28	246,230.65
12	F05	p3.II.2 3/4	73.329	36,733.25	81,723.35	145,336.80
12	F06	p3.II.2 3/4	73.329	227,959.15	114,141.02	202,988.39
12	F07	p3.II.2 5/6	73.329	24,644.68	74,858.85	133,128.98
12	F08	p3.II.2 5/6	73.329	26,825.83	77,766.47	138,299.88
12	F09	p3.II.2 5/6	73.329	6,670.99	82,946.20	147,511.53
12	F10	p3.II.2 5/6	73.329	35,619.21	100,740.01	179,156.03
12	F11	p3.II.2 5/6	73.329	20,244.70	77,630.62	138,058.29
12	F12	p3.II.2 5/6	73.329	19,033.82	47,541.41	84,547.64
12	G01	p3.III.1 3/4	73.329	184,152.67	113,844.54	202,461.14
12	G02	p3.III.1 3/4	73.329	177,685.01	99,848.93	177,571.34
12	G03	p3.III.1 3/4	73.329	108,191.67	133,329.79	237,113.70
12	G04	p3.III.1 3/4	73.329	203,583.28	115,889.84	206,098.49
12	G05	p3.III.1 3/4	73.329	201,614.54	114,744.29	204,061.25
12	G06	p3.III.1 3/4	73.329	212,978.23	107,462.76	191,111.77
12	G07	p3.III.1 5/6	73.329	204,830.75	104,893.92	186,543.35
12	G08	p3.III.1 5/6	73.329	200,940.08	119,879.50	213,193.71
12	G09	p3.III.1 5/6	73.329	218,700.46	147,655.51	262,590.55
12	G10	p3.III.1 5/6	73.329	217,046.58	136,964.29	243,577.30
12	G11	p3.III.1 5/6	73.329	178,623.60	104,052.20	185,046.44
12	G12	p3.III.1 5/6	73.329	158,648.75	82,745.43	147,154.48
12	H01	Background	73.329	0	0	0
12	H02	Background	73.329	0	0	0
12	H03	Background	73.329	0	0	0
12	H04	Background	73.329	0	0	0
12	H05	Background	73.329	0	0	0
12	H06	Background	73.329	0	0	0
12	H07	Background	73.329	0	0	0
12	H08	Background	73.329	0	0	0
12	H09	Background	73.329	0	0	0
12	H10	Background	73.329	0	0	0
12	H11	Background	73.329	0	0	0
12	H12	Background	73.329	0	0	0
13	A01	Background	79.862	0	0	0
13	A02	Background	79.862	0	0	0
13	A03	Background	79.862	0	0	0
13	A04	Background	79.862	0	0	0
13	A05	Background	79.862	0	0	0
13	A06	Background	79.862	0	0	0
13	A07	Background	79.862	0	0	0
13	A08	Background	79.862	0	0	0
13	A09	Background	79.862	0	0	0
13	A10	Background	79.862	0	0	0
13	A11	Background	79.862	0	0	0
13	A12	Background	79.862	0	0	0
13	B01	c1 3/4	79.862	192,470.97	122,846.88	218,470.89
13	B02	c1 3/4	79.862	223,244.24	133,694.31	237,761.97
13	B03	c1 3/4	79.862	222,207.56	136,962.01	243,573.24
13	B04	c1 3/4	79.862	189,305.01	120,086.08	213,561.09
13	B05	c1 3/4	79.862	196,917.56	126,747.08	225,407.01
13	B06	c1 3/4	79.862	24,328.36	111,807.32	198,838.14
13	B07	c1 5/6	79.862	173,368.31	128,587.43	228,679.88
13	B08	c1 5/6	79.862	166,499.96	138,013.71	245,443.59
13	B09	c1 5/6	79.862	134,266.29	129,290.41	229,930.06
13	B10	c1 5/6	79.862	164,703.46	134,843.56	239,805.79
13	B11	c1 5/6	79.862	21,665.58	113,501.85	201,851.69
13	B12	c1 5/6	79.862	143,706.16	117,395.20	208,775.63
13	C01	c3 3/4	79.862	211,690.64	108,013.81	192,091.75
13	C02	c3 3/4	79.862	270,103.06	162,060.16	288,207.78
13	C03	c3 3/4	79.862	29,706.33	127,551.21	226,837.08
13	C04	c3 3/4	79.862	269,484.41	154,544.52	274,841.98
13	C05	c3 3/4	79.862	275,920.14	179,786.32	319,731.99
13	C06	c3 3/4	79.862	21,479.56	127,575.54	226,880.33
13	C07	c3 5/6	79.862	35,731.60	158,243.66	281,420.53
13	C08	c3 5/6	79.862	24,543.02	170,266.22	302,801.45
13	C09	c3 5/6	79.862	16,546.16	167,452.52	297,797.57
13	C10	c3 5/6	79.862	63,442.97	143,513.35	255,224.15
13	C11	c3 5/6	79.862	14,955.19	164,197.24	292,008.37
13	C12	c3 5/6	79.862	170,596.41	126,016.73	224,108.15
13	D01	c2 3/4	79.862	172,468.98	126,190.16	224,416.58
13	D02	c2 3/4	79.862	286,126.29	135,013.95	240,108.81
13	D03	c2 3/4	79.862	290,191.48	150,000.80	266,761.43
13	D04	c2 3/4	79.862	244,624.46	167,565.33	297,998.18
13	D05	c2 3/4	79.862	307,128.13	167,583.91	298,031.23
13	D06	c2 3/4	79.862	275,969.97	160,262.56	285,010.94
13	D07	c2 5/6	79.862	235,664.77	129,127.59	229,640.51
13	D08	c2 5/6	79.862	262,925.51	142,712.69	253,800.24
13	D09	c2 5/6	79.862	283,022.63	168,020.87	298,808.32
13	D10	c2 5/6	79.862	260,313.79	154,371.18	274,533.70
13	D11	c2 5/6	79.862	239,405.39	119,987.23	213,385.29
13	D12	c2 5/6	79.862	134,987.57	64,397.91	114,525.25
13	E01	p3.I.2 3/4	79.862	186,826.49	114,228.30	203,143.62
13	E02	p3.I.2 3/4	79.862	205,348.56	155,541.81	276,615.55
13	E03	p3.I.2 3/4	79.862	213,988.71	135,926.25	241,731.24
13	E04	p3.I.2 3/4	79.862	233,030.83	115,008.45	204,531.04
13	E05	p3.I.2 3/4	79.862	223,521.05	161,480.98	287,177.77
13	E06	p3.I.2 3/4	79.862	220,414.02	122,168.53	217,264.52
13	E07	p3.I.2 5/6	79.862	198,180.07	144,229.34	256,497.45
13	E08	p3.I.2 5/6	79.862	192,671.49	143,359.91	254,951.26
13	E09	p3.I.2 5/6	79.862	189,466.78	123,614.68	219,836.34
13	E10	p3.I.2 5/6	79.862	189,492.75	139,721.93	248,481.49
13	E11	p3.I.2 5/6	79.862	197,338.28	124,061.82	220,631.54
13	E12	p3.I.2 5/6	79.862	168,636.72	120,668.64	214,597.11
13	F01	p3.II.2 3/4	79.862	8,209.07	83,616.21	148,703.08
13	F02	p3.II.2 3/4	79.862	30,234.30	83,506.65	148,508.22
13	F03	p3.II.2 3/4	79.862	235,234.91	125,322.16	222,872.93
13	F04	p3.II.2 3/4	79.862	255,575.52	143,660.11	255,485.14
13	F05	p3.II.2 3/4	79.862	37,729.10	86,514.71	153,857.76
13	F06	p3.II.2 3/4	79.862	230,959.89	121,745.54	216,512.26
13	F07	p3.II.2 5/6	79.862	25,077.04	77,012.55	136,959.12
13	F08	p3.II.2 5/6	79.862	26,045.66	84,347.78	150,004.09
13	F09	p3.II.2 5/6	79.862	8,125.61	90,032.09	160,113.07
13	F10	p3.II.2 5/6	79.862	32,503.23	103,195.16	183,522.27
13	F11	p3.II.2 5/6	79.862	22,381.38	83,181.08	147,929.23
13	F12	p3.II.2 5/6	79.862	19,603.60	49,988.84	88,900.15
13	G01	p3.III.1 3/4	79.862	189,685.40	114,374.45	203,403.53
13	G02	p3.III.1 3/4	79.862	175,209.62	100,058.93	177,944.80
13	G03	p3.III.1 3/4	79.862	102,112.83	134,929.91	239,959.34
13	G04	p3.III.1 3/4	79.862	203,869.79	116,624.08	207,404.26
13	G05	p3.III.1 3/4	79.862	201,983.68	115,899.62	206,115.89
13	G06	p3.III.1 3/4	79.862	208,885.67	108,319.16	192,634.80
13	G07	p3.III.1 5/6	79.862	197,086.36	105,579.65	187,762.84
13	G08	p3.III.1 5/6	79.862	193,856.52	121,379.36	215,861.05
13	G09	p3.III.1 5/6	79.862	212,650.83	148,208.21	263,573.48
13	G10	p3.III.1 5/6	79.862	212,178.96	136,845.16	243,365.44
13	G11	p3.III.1 5/6	79.862	173,460.76	104,385.34	185,638.90
13	G12	p3.III.1 5/6	79.862	153,978.21	81,512.07	144,961.06
13	H01	Background	79.862	0	0	0
13	H02	Background	79.862	0	0	0
13	H03	Background	79.862	0	0	0
13	H04	Background	79.862	0	0	0
13	H05	Background	79.862	0	0	0
13	H06	Background	79.862	0	0	0
13	H07	Background	79.862	0	0	0
13	H08	Background	79.862	0	0	0
13	H09	Background	79.862	0	0	0
13	H10	Background	79.862	0	0	0
13	H11	Background	79.862	0	0	0
13	H12	Background	79.862	0	0	0
14	A01	Background	86.48	0	0	0
14	A02	Background	86.48	0	0	0
14	A03	Background	86.48	0	0	0
14	A04	Background	86.48	0	0	0
14	A05	Background	86.48	0	0	0
14	A06	Background	86.48	0	0	0
14	A07	Background	86.48	0	0	0
14	A08	Background	86.48	0	0	0
14	A09	Background	86.48	0	0	0
14	A10	Background	86.48	0	0	0
14	A11	Background	86.48	0	0	0
14	A12	Background	86.48	0	0	0
14	B01	c1 3/4	86.48	33,112.03	114,858.61	204,264.55
14	B02	c1 3/4	86.48	37,516.68	128,636.05	228,766.36
14	B03	c1 3/4	86.48	38,405.34	131,830.55	234,447.44
14	B04	c1 3/4	86.48	39,123.59	119,918.90	213,263.78
14	B05	c1 3/4	86.48	26,967.44	127,968.17	227,578.60
14	B06	c1 3/4	86.48	17,932.85	115,855.45	206,037.33
14	B07	c1 5/6	86.48	30,467.60	129,801.90	230,839.70
14	B08	c1 5/6	86.48	32,657.70	137,392.90	244,339.53
14	B09	c1 5/6	86.48	28,211.70	129,165.79	229,708.43
14	B10	c1 5/6	86.48	33,125.92	137,182.52	243,965.39
14	B11	c1 5/6	86.48	14,626.82	116,632.53	207,419.29
14	B12	c1 5/6	86.48	27,668.19	113,849.78	202,470.45
14	C01	c3 3/4	86.48	32,706.64	99,860.82	177,592.49
14	C02	c3 3/4	86.48	49,533.79	155,177.37	275,967.43
14	C03	c3 3/4	86.48	30,602.70	127,555.83	226,845.29
14	C04	c3 3/4	86.48	66,478.38	144,937.18	257,756.27
14	C05	c3 3/4	86.48	46,247.33	180,016.16	320,140.74
14	C06	c3 3/4	86.48	22,055.73	123,618.63	219,843.38
14	C07	c3 5/6	86.48	33,985.07	166,950.25	296,904.33
14	C08	c3 5/6	86.48	30,316.97	178,715.19	317,827.09
14	C09	c3 5/6	86.48	15,877.56	171,259.28	304,567.50
14	C10	c3 5/6	86.48	64,005.00	146,300.58	260,180.95
14	C11	c3 5/6	86.48	17,259.51	167,282.68	297,495.52
14	C12	c3 5/6	86.48	21,566.92	118,728.45	211,146.67
14	D01	c2 3/4	86.48	-169.66	112,188.09	199,515.30
14	D02	c2 3/4	86.48	36,869.09	121,415.55	215,925.42
14	D03	c2 3/4	86.48	39,849.45	138,873.42	246,972.49
14	D04	c2 3/4	86.48	45,982.47	156,004.86	277,439.05
14	D05	c2 3/4	86.48	59,579.53	155,150.54	275,919.72
14	D06	c2 3/4	86.48	47,960.15	155,115.81	275,857.96
14	D07	c2 5/6	86.48	37,715.72	114,414.73	203,475.16
14	D08	c2 5/6	86.48	38,795.84	134,066.59	238,424.02
14	D09	c2 5/6	86.48	29,620.23	161,763.76	287,680.68
14	D10	c2 5/6	86.48	35,271.27	141,607.64	251,835.02
14	D11	c2 5/6	86.48	34,668.76	97,619.84	173,607.13
14	D12	c2 5/6	86.48	27,024.35	53,603.07	95,327.70
14	E01	p3.I.2 3/4	86.48	23,484.08	115,570.25	205,530.13
14	E02	p3.I.2 3/4	86.48	42,742.31	156,612.39	278,519.47
14	E03	p3.I.2 3/4	86.48	29,840.63	133,202.28	236,886.94
14	E04	p3.I.2 3/4	86.48	38,940.49	96,560.69	171,723.53
14	E05	p3.I.2 3/4	86.48	50,155.84	165,493.53	294,313.69
14	E06	p3.I.2 3/4	86.48	42,583.92	113,817.03	202,412.20
14	E07	p3.I.2 5/6	86.48	17,740.75	143,440.21	255,094.06
14	E08	p3.I.2 5/6	86.48	29,276.90	144,379.62	256,764.71
14	E09	p3.I.2 5/6	86.48	26,426.04	114,893.58	204,326.74
14	E10	p3.I.2 5/6	86.48	26,422.88	132,316.84	235,312.27
14	E11	p3.I.2 5/6	86.48	33,133.99	115,692.05	205,746.74
14	E12	p3.I.2 5/6	86.48	20,294.96	121,573.16	216,205.71
14	F01	p3.II.2 3/4	86.48	477.80	83,385.61	148,292.97
14	F02	p3.II.2 3/4	86.48	22,883.06	92,234.19	164,029.28
14	F03	p3.II.2 3/4	86.48	26,814.99	116,127.61	206,521.34
14	F04	p3.II.2 3/4	86.48	40,014.39	134,778.19	239,689.52
14	F05	p3.II.2 3/4	86.48	29,817.34	79,034.57	140,555.08
14	F06	p3.II.2 3/4	86.48	33,308.14	104,082.31	185,099.98
14	F07	p3.II.2 5/6	86.48	19,386.09	69,903.89	124,317.07
14	F08	p3.II.2 5/6	86.48	22,737.85	86,574.22	153,963.59
14	F09	p3.II.2 5/6	86.48	-917.95	82,886.43	147,405.22
14	F10	p3.II.2 5/6	86.48	25,248.70	97,253.10	172,954.90
14	F11	p3.II.2 5/6	86.48	18,106.25	80,762.24	143,627.57
14	F12	p3.II.2 5/6	86.48	12,649.94	50,718.78	90,198.27
14	G01	p3.III.1 3/4	86.48	14,604.99	111,999.56	199,180.02
14	G02	p3.III.1 3/4	86.48	13,218.72	94,417.09	167,911.35
14	G03	p3.III.1 3/4	86.48	25,182.99	144,816.06	257,540.87
14	G04	p3.III.1 3/4	86.48	29,864.49	107,834.21	191,772.36
14	G05	p3.III.1 3/4	86.48	23,461.62	109,575.07	194,868.30
14	G06	p3.III.1 3/4	86.48	28,806.63	99,622.34	177,168.36
14	G07	p3.III.1 5/6	86.48	32,189.93	91,807.74	163,270.88
14	G08	p3.III.1 5/6	86.48	28,566.30	106,819.59	189,967.97
14	G09	p3.III.1 5/6	86.48	25,357.69	135,227.09	240,487.86
14	G10	p3.III.1 5/6	86.48	44,051.81	128,827.56	229,106.93
14	G11	p3.III.1 5/6	86.48	17,773.93	95,050.98	169,038.67
14	G12	p3.III.1 5/6	86.48	20,966.51	76,248.66	135,600.61
14	H01	Background	86.48	0	0	0
14	H02	Background	86.48	0	0	0
14	H03	Background	86.48	0	0	0
14	H04	Background	86.48	0	0	0
14	H05	Background	86.48	0	0	0
14	H06	Background	86.48	0	0	0
14	H07	Background	86.48	0	0	0
14	H08	Background	86.48	0	0	0
14	H09	Background	86.48	0	0	0
14	H10	Background	86.48	0	0	0
14	H11	Background	86.48	0	0	0
14	H12	Background	86.48	0	0	0
15	A01	Background	93.01	0	0	0
15	A02	Background	93.01	0	0	0
15	A03	Background	93.01	0	0	0
15	A04	Background	93.01	0	0	0
15	A05	Background	93.01	0	0	0
15	A06	Background	93.01	0	0	0
15	A07	Background	93.01	0	0	0
15	A08	Background	93.01	0	0	0
15	A09	Background	93.01	0	0	0
15	A10	Background	93.01	0	0	0
15	A11	Background	93.01	0	0	0
15	A12	Background	93.01	0	0	0
15	B01	c1 3/4	93.01	32,600.48	114,896.80	204,332.46
15	B02	c1 3/4	93.01	35,957.88	124,138.75	220,768.36
15	B03	c1 3/4	93.01	36,610.18	127,961.37	227,566.50
15	B04	c1 3/4	93.01	36,899.44	116,137.55	206,539.03
15	B05	c1 3/4	93.01	28,131.25	121,927.97	216,836.70
15	B06	c1 3/4	93.01	16,511.48	117,502.58	208,966.59
15	B07	c1 5/6	93.01	30,670.33	125,536.83	223,254.70
15	B08	c1 5/6	93.01	31,985.81	134,223.63	238,703.30
15	B09	c1 5/6	93.01	26,925.93	125,487.53	223,167.03
15	B10	c1 5/6	93.01	31,085.44	132,313.75	235,306.78
15	B11	c1 5/6	93.01	14,773.08	116,782.38	207,685.78
15	B12	c1 5/6	93.01	27,322.71	112,179.45	199,499.94
15	C01	c3 3/4	93.01	37,020.78	96,228.68	171,133.08
15	C02	c3 3/4	93.01	52,200.39	152,130.86	270,549.52
15	C03	c3 3/4	93.01	31,105.96	131,527.02	233,907.65
15	C04	c3 3/4	93.01	63,005.43	139,926.92	248,846.04
15	C05	c3 3/4	93.01	46,435.74	168,450.48	299,572.33
15	C06	c3 3/4	93.01	23,070.31	130,433.35	231,962.68
15	C07	c3 5/6	93.01	32,235.32	165,022.64	293,476.27
15	C08	c3 5/6	93.01	25,746.10	174,180.74	309,763.03
15	C09	c3 5/6	93.01	14,680.45	167,182.26	297,316.92
15	C10	c3 5/6	93.01	63,288.19	149,507.68	265,884.45
15	C11	c3 5/6	93.01	15,354.64	164,755.84	293,001.79
15	C12	c3 5/6	93.01	24,323.67	116,371.68	206,955.40
15	D01	c2 3/4	93.01	5,903.71	110,101.58	195,804.65
15	D02	c2 3/4	93.01	38,278.42	117,155.22	208,348.85
15	D03	c2 3/4	93.01	40,976.90	137,683.78	244,856.83
15	D04	c2 3/4	93.01	49,326.91	150,119.83	266,973.10
15	D05	c2 3/4	93.01	60,387.58	152,915.73	271,945.34
15	D06	c2 3/4	93.01	48,478.19	146,075.43	259,780.54
15	D07	c2 5/6	93.01	37,201.42	110,840.21	197,118.22
15	D08	c2 5/6	93.01	38,218.39	126,767.77	225,443.80
15	D09	c2 5/6	93.01	28,038.81	148,911.17	264,823.63
15	D10	c2 5/6	93.01	34,904.15	137,773.72	245,016.78
15	D11	c2 5/6	93.01	34,630.11	106,332.88	189,102.39
15	D12	c2 5/6	93.01	29,146.64	62,809.25	111,699.96
15	E01	p3.I.2 3/4	93.01	26,827.39	107,386.19	190,975.59
15	E02	p3.I.2 3/4	93.01	45,916.06	155,533.02	276,599.93
15	E03	p3.I.2 3/4	93.01	31,378.47	130,273.81	231,678.95
15	E04	p3.I.2 3/4	93.01	41,282.08	102,005.05	181,405.77
15	E05	p3.I.2 3/4	93.01	48,924.36	157,494.08	280,087.46
15	E06	p3.I.2 3/4	93.01	40,212.97	114,488.70	203,606.70
15	E07	p3.I.2 5/6	93.01	19,566.83	139,416.85	247,938.93
15	E08	p3.I.2 5/6	93.01	32,083.24	143,365.20	254,960.67
15	E09	p3.I.2 5/6	93.01	25,688.59	113,517.72	201,879.91
15	E10	p3.I.2 5/6	93.01	26,877.14	130,770.22	232,561.76
15	E11	p3.I.2 5/6	93.01	36,435.42	120,796.60	214,824.68
15	E12	p3.I.2 5/6	93.01	23,032.10	118,225.12	210,251.56
15	F01	p3.II.2 3/4	93.01	216.06	82,380.23	146,505.01
15	F02	p3.II.2 3/4	93.01	23,577.09	90,606.27	161,134.19
15	F03	p3.II.2 3/4	93.01	33,661.97	114,505.85	203,637.20
15	F04	p3.II.2 3/4	93.01	41,306.80	131,203.68	233,332.62
15	F05	p3.II.2 3/4	93.01	32,209.41	87,474.28	155,564.25
15	F06	p3.II.2 3/4	93.01	34,145.21	106,385.75	189,196.42
15	F07	p3.II.2 5/6	93.01	15,711.93	80,292.41	142,792.02
15	F08	p3.II.2 5/6	93.01	23,468.09	92,555.40	164,600.53
15	F09	p3.II.2 5/6	93.01	82.34	90,044.91	160,135.86
15	F10	p3.II.2 5/6	93.01	23,637.33	106,056.37	188,610.64
15	F11	p3.II.2 5/6	93.01	15,737.00	86,540.60	153,903.80
15	F12	p3.II.2 5/6	93.01	13,688.64	63,015.31	112,066.43
15	G01	p3.III.1 3/4	93.01	18,442.90	106,352.78	189,137.79
15	G02	p3.III.1 3/4	93.01	8,585.88	89,510.29	159,185.09
15	G03	p3.III.1 3/4	93.01	25,053.95	141,932.88	252,413.44
15	G04	p3.III.1 3/4	93.01	31,327.53	104,619.99	186,056.19
15	G05	p3.III.1 3/4	93.01	26,952.40	107,879.91	191,853.64
15	G06	p3.III.1 3/4	93.01	28,296.71	97,740.22	173,821.21
15	G07	p3.III.1 5/6	93.01	32,059.88	93,791.99	166,799.67
15	G08	p3.III.1 5/6	93.01	30,602.18	107,345.84	190,903.83
15	G09	p3.III.1 5/6	93.01	26,731.56	133,471.72	237,366.11
15	G10	p3.III.1 5/6	93.01	43,945.96	124,478.08	221,371.82
15	G11	p3.III.1 5/6	93.01	19,191.60	93,065.87	165,508.33
15	G12	p3.III.1 5/6	93.01	19,988.35	79,935.95	142,158.10
15	H01	Background	93.01	0	0	0
15	H02	Background	93.01	0	0	0
15	H03	Background	93.01	0	0	0
15	H04	Background	93.01	0	0	0
15	H05	Background	93.01	0	0	0
15	H06	Background	93.01	0	0	0
15	H07	Background	93.01	0	0	0
15	H08	Background	93.01	0	0	0
15	H09	Background	93.01	0	0	0
15	H10	Background	93.01	0	0	0
15	H11	Background	93.01	0	0	0
15	H12	Background	93.01	0	0	0
16	A01	Background	99.554	0	0	0
16	A02	Background	99.554	0	0	0
16	A03	Background	99.554	0	0	0
16	A04	Background	99.554	0	0	0
16	A05	Background	99.554	0	0	0
16	A06	Background	99.554	0	0	0
16	A07	Background	99.554	0	0	0
16	A08	Background	99.554	0	0	0
16	A09	Background	99.554	0	0	0
16	A10	Background	99.554	0	0	0
16	A11	Background	99.554	0	0	0
16	A12	Background	99.554	0	0	0
16	B01	c1 3/4	99.554	31,471.78	114,851.10	204,251.19
16	B02	c1 3/4	99.554	33,666.33	123,516.32	219,661.42
16	B03	c1 3/4	99.554	34,013.31	128,885.19	229,209.43
16	B04	c1 3/4	99.554	34,346.53	114,694.33	203,972.39
16	B05	c1 3/4	99.554	25,580.73	121,855.50	216,707.81
16	B06	c1 3/4	99.554	16,960.57	117,392.85	208,771.45
16	B07	c1 5/6	99.554	28,166.68	125,811.11	223,742.47
16	B08	c1 5/6	99.554	29,787.31	134,406.39	239,028.33
16	B09	c1 5/6	99.554	25,328.70	126,328.63	224,662.84
16	B10	c1 5/6	99.554	29,623.16	131,783.48	234,363.75
16	B11	c1 5/6	99.554	13,419.85	116,795.81	207,709.67
16	B12	c1 5/6	99.554	26,037.41	113,208.20	201,329.46
16	C01	c3 3/4	99.554	33,862.71	95,930.12	170,602.12
16	C02	c3 3/4	99.554	52,838.61	148,698.98	264,446.27
16	C03	c3 3/4	99.554	31,271.13	134,759.64	239,656.54
16	C04	c3 3/4	99.554	60,228.48	139,688.51	248,422.04
16	C05	c3 3/4	99.554	40,396.43	168,394.82	299,473.34
16	C06	c3 3/4	99.554	22,233.59	130,444.03	231,981.67
16	C07	c3 5/6	99.554	33,174.29	166,084.43	295,364.56
16	C08	c3 5/6	99.554	25,894.86	174,384.89	310,126.09
16	C09	c3 5/6	99.554	14,354.15	169,350.51	301,172.95
16	C10	c3 5/6	99.554	62,683.95	150,327.90	267,343.14
16	C11	c3 5/6	99.554	13,592.65	164,225.35	292,058.37
16	C12	c3 5/6	99.554	22,789.35	114,983.28	204,486.27
16	D01	c2 3/4	99.554	10,098.61	107,803.62	191,717.96
16	D02	c2 3/4	99.554	34,707.82	117,037.25	208,139.05
16	D03	c2 3/4	99.554	36,530.82	138,754.67	246,761.31
16	D04	c2 3/4	99.554	46,972.71	151,937.22	270,205.16
16	D05	c2 3/4	99.554	54,448.13	153,898.28	273,692.69
16	D06	c2 3/4	99.554	48,724.32	146,870.78	261,194.99
16	D07	c2 5/6	99.554	34,097.51	112,535.51	200,133.16
16	D08	c2 5/6	99.554	36,931.06	127,490.82	226,729.67
16	D09	c2 5/6	99.554	31,765.65	151,643.76	269,683.27
16	D10	c2 5/6	99.554	34,568.72	136,377.56	242,533.85
16	D11	c2 5/6	99.554	33,314.36	101,070.76	179,744.24
16	D12	c2 5/6	99.554	23,564.65	55,367.80	98,466.10
16	E01	p3.I.2 3/4	99.554	23,130.81	107,836.06	191,775.65
16	E02	p3.I.2 3/4	99.554	48,229.00	153,862.59	273,629.22
16	E03	p3.I.2 3/4	99.554	32,819.80	132,013.15	234,772.18
16	E04	p3.I.2 3/4	99.554	35,870.67	105,547.02	187,704.83
16	E05	p3.I.2 3/4	99.554	49,440.29	158,893.39	282,576.00
16	E06	p3.I.2 3/4	99.554	43,276.97	117,122.62	208,290.87
16	E07	p3.I.2 5/6	99.554	18,097.57	140,745.42	250,301.66
16	E08	p3.I.2 5/6	99.554	28,347.27	144,342.00	256,697.81
16	E09	p3.I.2 5/6	99.554	24,737.01	116,285.11	206,801.44
16	E10	p3.I.2 5/6	99.554	24,291.69	132,066.71	234,867.45
16	E11	p3.I.2 5/6	99.554	35,207.03	118,815.51	211,301.50
16	E12	p3.I.2 5/6	99.554	17,834.60	115,569.41	205,528.65
16	F01	p3.II.2 3/4	99.554	-3,615.47	85,539.65	152,123.71
16	F02	p3.II.2 3/4	99.554	24,622.13	89,389.29	158,969.91
16	F03	p3.II.2 3/4	99.554	34,498.56	113,502.61	201,853.04
16	F04	p3.II.2 3/4	99.554	40,748.42	130,767.43	232,556.80
16	F05	p3.II.2 3/4	99.554	29,998.55	88,973.23	158,229.99
16	F06	p3.II.2 3/4	99.554	35,230.73	105,059.55	186,837.90
16	F07	p3.II.2 5/6	99.554	19,256.92	79,978.01	142,232.90
16	F08	p3.II.2 5/6	99.554	21,371.28	99,479.26	176,913.92
16	F09	p3.II.2 5/6	99.554	1,772.54	92,969.17	165,336.37
16	F10	p3.II.2 5/6	99.554	21,126.43	104,946.96	186,637.67
16	F11	p3.II.2 5/6	99.554	12,618.46	82,928.88	147,480.73
16	F12	p3.II.2 5/6	99.554	10,800.67	60,115.79	106,909.93
16	G01	p3.III.1 3/4	99.554	16,699.06	105,606.27	187,810.20
16	G02	p3.III.1 3/4	99.554	9,196.10	89,308.60	158,826.41
16	G03	p3.III.1 3/4	99.554	25,429.56	141,247.70	251,194.90
16	G04	p3.III.1 3/4	99.554	28,356.05	104,075.14	185,087.22
16	G05	p3.III.1 3/4	99.554	26,423.02	108,267.56	192,543.03
16	G06	p3.III.1 3/4	99.554	28,804.37	97,738.04	173,817.34
16	G07	p3.III.1 5/6	99.554	31,806.26	93,637.68	166,525.24
16	G08	p3.III.1 5/6	99.554	28,027.28	107,293.82	190,811.32
16	G09	p3.III.1 5/6	99.554	26,641.64	134,105.39	238,493.02
16	G10	p3.III.1 5/6	99.554	42,648.10	123,594.68	219,800.77
16	G11	p3.III.1 5/6	99.554	17,441.33	93,021.93	165,430.20
16	G12	p3.III.1 5/6	99.554	19,288.75	75,719.92	134,660.31
16	H01	Background	99.554	0	0	0
16	H02	Background	99.554	0	0	0
16	H03	Background	99.554	0	0	0
16	H04	Background	99.554	0	0	0
16	H05	Background	99.554	0	0	0
16	H06	Background	99.554	0	0	0
16	H07	Background	99.554	0	0	0
16	H08	Background	99.554	0	0	0
16	H09	Background	99.554	0	0	0
16	H10	Background	99.554	0	0	0
16	H11	Background	99.554	0	0	0
16	H12	Background	99.554	0	0	0
