time	well1	fibro_id	time_exact	ocr	ecar	ppr
1	A01	Background	1.307	0	0	0
1	A02	Background	1.307	0	0	0
1	A03	Background	1.307	0	0	0
1	A04	Background	1.307	0	0	0
1	A05	Background	1.307	0	0	0
1	A06	Background	1.307	0	0	0
1	A07	Background	1.307	0	0	0
1	A08	Background	1.307	0	0	0
1	A09	Background	1.307	0	0	0
1	A10	Background	1.307	0	0	0
1	A11	Background	1.307	0	0	0
1	A12	Background	1.307	0	0	0
1	B01	c1 1/2	1.307	177,773.98	91,127.73	162,061.55
1	B02	c1 1/2	1.307	148,308.39	87,944.58	156,400.64
1	B03	c1 1/2	1.307	159,125.77	100,720.92	179,122.08
1	B04	c1 1/2	1.307	189,347.49	137,041.83	243,715.20
1	B05	c1 1/2	1.307	157,984.39	80,525.54	143,206.63
1	B06	c1 1/2	1.307	160,150.88	112,425.17	199,936.92
1	B07	c1 4/5	1.307	142,776.86	58,548.55	104,122.74
1	B08	c1 4/5	1.307	144,466.53	69,517.22	123,629.43
1	B09	c1 4/5	1.307	169,305.19	101,492.57	180,494.38
1	B10	c1 4/5	1.307	156,379.10	104,688.99	186,178.90
1	B11	c1 4/5	1.307	154,367.20	82,131.83	146,063.25
1	B12	c1 4/5	1.307	161,845.30	96,368.46	171,381.68
1	C01	c3 1/2	1.307	145,713.04	61,696.58	109,721.19
1	C02	c3 1/2	1.307	181,231.72	87,638.63	155,856.55
1	C03	c3 1/2	1.307	226,225.59	75,574.74	134,402.13
1	C04	c3 1/2	1.307	204,531.79	124,566.35	221,528.80
1	C05	c3 1/2	1.307	183,082.62	62,967.80	111,981.94
1	C06	c3 1/2	1.307	174,476.48	72,520.31	128,970.11
1	C07	c3 4/5	1.307	192,190.85	43,150.37	76,738.61
1	C08	c3 4/5	1.307	163,100.62	92,987.63	165,369.21
1	C09	c3 4/5	1.307	203,802.33	85,539.14	152,122.80
1	C10	c3 4/5	1.307	201,756.83	84,420.26	150,132.98
1	C11	c3 4/5	1.307	182,552.48	90,118.73	160,267.14
1	C12	c3 4/5	1.307	154,834.26	82,815.48	147,279.06
1	D01	c2 1/2	1.307	149,422.14	55,626.09	98,925.44
1	D02	c2 1/2	1.307	170,635.28	59,950.10	106,615.26
1	D03	c2 1/2	1.307	183,409.12	97,369.51	173,161.93
1	D04	c2 1/2	1.307	177,953.65	60,560.67	107,701.09
1	D05	c2 1/2	1.307	182,144.35	64,172.63	114,124.60
1	D06	c2 1/2	1.307	167,090.29	45,036.52	80,092.94
1	D07	c2 4/5	1.307	165,255.16	24,410.87	43,412.29
1	D08	c2 4/5	1.307	154,520.19	47,746.34	84,912.08
1	D09	c2 4/5	1.307	147,681.60	51,859.83	92,227.51
1	D10	c2 4/5	1.307	160,483.09	49,119.46	87,354.06
1	D11	c2 4/5	1.307	158,565.98	44,481.06	79,105.11
1	D12	c2 4/5	1.307	128,463.01	48,960.17	87,070.78
1	E01	p6.II.1 1/2	1.307	92,276.88	72,876.50	129,603.57
1	E02	p6.II.1 1/2	1.307	111,551.29	66,603.26	118,447.23
1	E03	p6.II.1 1/2	1.307	118,945.78	50,992.74	90,685.49
1	E04	p6.II.1 1/2	1.307	111,481.17	62,669.99	111,452.31
1	E05	p6.II.1 1/2	1.307	112,883.04	67,035.92	119,216.67
1	E06	p6.II.1 1/2	1.307	107,166.40	57,931.76	103,025.85
1	E07	p6.II.1 4/5	1.307	100,525.92	52,007.75	92,490.59
1	E08	p6.II.1 4/5	1.307	110,897.45	63,693.10	113,271.82
1	E09	p6.II.1 4/5	1.307	105,670.67	67,573.18	120,172.14
1	E10	p6.II.1 4/5	1.307	112,402.77	80,995.84	144,043.00
1	E11	p6.II.1 4/5	1.307	116,396.13	101,916.24	181,247.84
1	E12	p6.II.1 4/5	1.307	84,705.80	84,226.45	149,788.31
1	F01	p6.I.2 1/2	1.307	43,142.94	80,596.97	143,333.64
1	F02	p6.I.2 1/2	1.307	51,707.76	69,862.22	124,242.97
1	F03	p6.I.2 1/2	1.307	47,647.62	74,848.32	133,110.26
1	F04	p6.I.2 1/2	1.307	48,804.05	64,031.86	113,874.27
1	F05	p6.I.2 1/2	1.307	52,145.75	78,326.43	139,295.73
1	F06	p6.I.2 1/2	1.307	52,191.34	63,128.65	112,268.00
1	F07	p6.I.2 4/5	1.307	50,984.94	69,189.47	123,046.55
1	F08	p6.I.2 4/5	1.307	51,555.40	55,257.08	98,269.20
1	F09	p6.I.2 4/5	1.307	50,983.39	61,418.58	109,226.80
1	F10	p6.I.2 4/5	1.307	52,464.93	70,806.14	125,921.65
1	F11	p6.I.2 4/5	1.307	48,086.62	67,691.42	120,382.42
1	F12	p6.I.2 4/5	1.307	38,772.84	66,998.82	119,150.71
1	H01	Background	1.307	0	0	0
1	H02	Background	1.307	0	0	0
1	H03	Background	1.307	0	0	0
1	H04	Background	1.307	0	0	0
1	H05	Background	1.307	0	0	0
1	H06	Background	1.307	0	0	0
1	H07	Background	1.307	0	0	0
1	H08	Background	1.307	0	0	0
1	H09	Background	1.307	0	0	0
1	H10	Background	1.307	0	0	0
1	H11	Background	1.307	0	0	0
1	H12	Background	1.307	0	0	0
2	A01	Background	7.77	0	0	0
2	A02	Background	7.77	0	0	0
2	A03	Background	7.77	0	0	0
2	A04	Background	7.77	0	0	0
2	A05	Background	7.77	0	0	0
2	A06	Background	7.77	0	0	0
2	A07	Background	7.77	0	0	0
2	A08	Background	7.77	0	0	0
2	A09	Background	7.77	0	0	0
2	A10	Background	7.77	0	0	0
2	A11	Background	7.77	0	0	0
2	A12	Background	7.77	0	0	0
2	B01	c1 1/2	7.77	169,878.65	87,510.33	155,628.36
2	B02	c1 1/2	7.77	140,875.37	76,504.92	136,056.35
2	B03	c1 1/2	7.77	150,636.32	80,134.48	142,511.15
2	B04	c1 1/2	7.77	178,898.49	95,016.44	168,977.23
2	B05	c1 1/2	7.77	155,556.74	82,852.32	147,344.56
2	B06	c1 1/2	7.77	151,623.12	89,126.48	158,502.53
2	B07	c1 4/5	7.77	136,769.18	57,157.67	101,649.20
2	B08	c1 4/5	7.77	140,571.32	67,280.79	119,652.16
2	B09	c1 4/5	7.77	157,817.63	79,074.76	140,626.56
2	B10	c1 4/5	7.77	140,762.76	76,320.60	135,728.55
2	B11	c1 4/5	7.77	150,059.55	90,396.38	160,760.92
2	B12	c1 4/5	7.77	153,136.52	87,352.53	155,347.73
2	C01	c3 1/2	7.77	157,592.67	52,832.98	93,958.17
2	C02	c3 1/2	7.77	169,726.75	86,748.65	154,273.79
2	C03	c3 1/2	7.77	229,788.44	76,726.26	136,449.97
2	C04	c3 1/2	7.77	195,138.67	89,578.13	159,305.75
2	C05	c3 1/2	7.77	172,520.26	73,727.38	131,116.77
2	C06	c3 1/2	7.77	163,955.84	80,148.01	142,535.22
2	C07	c3 4/5	7.77	189,863.47	44,979.81	79,992.09
2	C08	c3 4/5	7.77	161,798.49	88,163.34	156,789.69
2	C09	c3 4/5	7.77	194,517.18	75,792.97	134,790.22
2	C10	c3 4/5	7.77	188,820.58	74,929.56	133,254.72
2	C11	c3 4/5	7.77	173,441.84	80,738.70	143,585.71
2	C12	c3 4/5	7.77	150,884.58	75,266.06	133,853.16
2	D01	c2 1/2	7.77	143,000.78	55,847.31	99,318.85
2	D02	c2 1/2	7.77	165,222.17	60,501.65	107,596.14
2	D03	c2 1/2	7.77	174,873.69	76,031.28	135,214.03
2	D04	c2 1/2	7.77	170,769.16	57,556.84	102,359.08
2	D05	c2 1/2	7.77	176,428.24	58,942.87	104,824.00
2	D06	c2 1/2	7.77	159,109.53	49,907.62	88,755.70
2	D07	c2 4/5	7.77	158,959.62	22,467.52	39,956.24
2	D08	c2 4/5	7.77	147,130.25	47,285.55	84,092.62
2	D09	c2 4/5	7.77	142,338.13	50,481.16	89,775.70
2	D10	c2 4/5	7.77	152,668.15	46,130.57	82,038.60
2	D11	c2 4/5	7.77	154,481.79	52,076.90	92,613.57
2	D12	c2 4/5	7.77	119,472.61	40,289.61	71,651.04
2	E01	p6.II.1 1/2	7.77	86,906.23	71,988.73	128,024.75
2	E02	p6.II.1 1/2	7.77	105,491.32	73,058.11	129,926.55
2	E03	p6.II.1 1/2	7.77	115,996.91	56,945.22	101,271.39
2	E04	p6.II.1 1/2	7.77	111,402.02	76,479.05	136,010.35
2	E05	p6.II.1 1/2	7.77	109,572.73	74,717.73	132,878.01
2	E06	p6.II.1 1/2	7.77	102,544.70	66,914.00	118,999.86
2	E07	p6.II.1 4/5	7.77	95,688.48	63,227.94	112,444.56
2	E08	p6.II.1 4/5	7.77	111,019.63	66,014.42	117,400.04
2	E09	p6.II.1 4/5	7.77	101,920.68	71,197.95	126,618.43
2	E10	p6.II.1 4/5	7.77	106,132.13	81,589.44	145,098.66
2	E11	p6.II.1 4/5	7.77	112,458.39	118,476.15	210,697.98
2	E12	p6.II.1 4/5	7.77	80,185.11	86,578.87	153,971.87
2	F01	p6.I.2 1/2	7.77	42,867.99	78,271.02	139,197.19
2	F02	p6.I.2 1/2	7.77	48,168.92	74,356.60	132,235.78
2	F03	p6.I.2 1/2	7.77	43,487.27	65,996.13	117,367.51
2	F04	p6.I.2 1/2	7.77	44,732.15	70,875.82	126,045.57
2	F05	p6.I.2 1/2	7.77	48,586.45	67,992.05	120,917.06
2	F06	p6.I.2 1/2	7.77	46,948.93	61,630.08	109,602.93
2	F07	p6.I.2 4/5	7.77	46,576.51	63,320.68	112,609.49
2	F08	p6.I.2 4/5	7.77	45,718.56	57,357.22	102,004.08
2	F09	p6.I.2 4/5	7.77	46,741.27	63,152.64	112,310.66
2	F10	p6.I.2 4/5	7.77	46,287.28	63,673.00	113,236.06
2	F11	p6.I.2 4/5	7.77	44,729.47	74,039.11	131,671.16
2	F12	p6.I.2 4/5	7.77	36,277.12	63,329.01	112,624.32
2	H01	Background	7.77	0	0	0
2	H02	Background	7.77	0	0	0
2	H03	Background	7.77	0	0	0
2	H04	Background	7.77	0	0	0
2	H05	Background	7.77	0	0	0
2	H06	Background	7.77	0	0	0
2	H07	Background	7.77	0	0	0
2	H08	Background	7.77	0	0	0
2	H09	Background	7.77	0	0	0
2	H10	Background	7.77	0	0	0
2	H11	Background	7.77	0	0	0
2	H12	Background	7.77	0	0	0
3	A01	Background	14.264	0	0	0
3	A02	Background	14.264	0	0	0
3	A03	Background	14.264	0	0	0
3	A04	Background	14.264	0	0	0
3	A05	Background	14.264	0	0	0
3	A06	Background	14.264	0	0	0
3	A07	Background	14.264	0	0	0
3	A08	Background	14.264	0	0	0
3	A09	Background	14.264	0	0	0
3	A10	Background	14.264	0	0	0
3	A11	Background	14.264	0	0	0
3	A12	Background	14.264	0	0	0
3	B01	c1 1/2	14.264	169,741.99	87,480.44	155,575.21
3	B02	c1 1/2	14.264	141,665.71	79,481.66	141,350.19
3	B03	c1 1/2	14.264	148,385.09	75,224.71	133,779.62
3	B04	c1 1/2	14.264	177,459.94	92,948.96	165,300.42
3	B05	c1 1/2	14.264	153,194.43	79,180.36	140,814.36
3	B06	c1 1/2	14.264	150,599.02	89,354.75	158,908.49
3	B07	c1 4/5	14.264	136,355.32	58,013.53	103,171.26
3	B08	c1 4/5	14.264	140,053.91	72,964.69	129,760.41
3	B09	c1 4/5	14.264	157,245.82	76,796.46	136,574.83
3	B10	c1 4/5	14.264	141,532.00	79,115.26	140,698.59
3	B11	c1 4/5	14.264	150,464.26	93,548.74	166,367.08
3	B12	c1 4/5	14.264	153,477.25	86,356.37	153,576.17
3	C01	c3 1/2	14.264	155,156.99	51,981.32	92,443.58
3	C02	c3 1/2	14.264	173,599.20	88,644.66	157,645.66
3	C03	c3 1/2	14.264	236,516.73	73,665.02	131,005.88
3	C04	c3 1/2	14.264	193,442.07	87,505.77	155,620.26
3	C05	c3 1/2	14.264	170,878.21	70,397.70	125,195.27
3	C06	c3 1/2	14.264	165,586.57	81,679.71	145,259.19
3	C07	c3 4/5	14.264	190,452.64	50,495.89	89,801.90
3	C08	c3 4/5	14.264	158,436.97	88,113.29	156,700.68
3	C09	c3 4/5	14.264	195,148.50	77,536.41	137,890.76
3	C10	c3 4/5	14.264	187,850.12	81,367.53	144,704.02
3	C11	c3 4/5	14.264	174,026.67	76,865.90	136,698.31
3	C12	c3 4/5	14.264	150,541.55	69,714.35	123,980.00
3	D01	c2 1/2	14.264	142,093.82	54,986.10	97,787.28
3	D02	c2 1/2	14.264	164,517.95	63,089.59	112,198.52
3	D03	c2 1/2	14.264	172,562.59	76,980.58	136,902.26
3	D04	c2 1/2	14.264	169,451.52	62,192.56	110,603.25
3	D05	c2 1/2	14.264	175,357.82	64,953.40	115,513.13
3	D06	c2 1/2	14.264	158,583.39	53,552.38	95,237.56
3	D07	c2 4/5	14.264	159,430.90	24,766.64	44,044.98
3	D08	c2 4/5	14.264	146,833.36	48,790.96	86,769.84
3	D09	c2 4/5	14.264	142,364.99	54,291.20	96,551.47
3	D10	c2 4/5	14.264	150,859.59	51,957.58	92,401.35
3	D11	c2 4/5	14.264	154,832.53	55,331.88	98,402.22
3	D12	c2 4/5	14.264	118,378.86	38,949.76	69,268.26
3	E01	p6.II.1 1/2	14.264	86,518.73	71,239.65	126,692.59
3	E02	p6.II.1 1/2	14.264	105,344.86	77,742.74	138,257.68
3	E03	p6.II.1 1/2	14.264	114,334.17	61,923.68	110,125.07
3	E04	p6.II.1 1/2	14.264	110,979.94	79,834.71	141,978.05
3	E05	p6.II.1 1/2	14.264	108,898.69	82,094.95	145,997.65
3	E06	p6.II.1 1/2	14.264	103,241.73	74,183.92	131,928.68
3	E07	p6.II.1 4/5	14.264	96,187.56	68,741.59	122,250.04
3	E08	p6.II.1 4/5	14.264	110,148.96	70,613.39	125,578.85
3	E09	p6.II.1 4/5	14.264	102,157.03	76,178.28	135,475.46
3	E10	p6.II.1 4/5	14.264	104,740.92	83,486.16	148,471.79
3	E11	p6.II.1 4/5	14.264	113,548.00	122,450.26	217,765.53
3	E12	p6.II.1 4/5	14.264	81,492.54	86,666.15	154,127.08
3	F01	p6.I.2 1/2	14.264	43,594.48	77,025.64	136,982.40
3	F02	p6.I.2 1/2	14.264	47,910.02	77,322.89	137,511.02
3	F03	p6.I.2 1/2	14.264	43,087.04	68,680.30	122,141.05
3	F04	p6.I.2 1/2	14.264	45,881.89	76,142.06	135,411.05
3	F05	p6.I.2 1/2	14.264	48,066.40	72,199.21	128,399.07
3	F06	p6.I.2 1/2	14.264	45,796.91	68,038.95	121,000.46
3	F07	p6.I.2 4/5	14.264	45,146.39	68,219.52	121,321.59
3	F08	p6.I.2 4/5	14.264	43,842.22	63,223.54	112,436.74
3	F09	p6.I.2 4/5	14.264	44,895.45	70,006.96	124,500.38
3	F10	p6.I.2 4/5	14.264	45,125.51	69,309.04	123,259.20
3	F11	p6.I.2 4/5	14.264	44,099.30	77,159.97	137,221.28
3	F12	p6.I.2 4/5	14.264	36,985.24	61,496.22	109,364.87
3	H01	Background	14.264	0	0	0
3	H02	Background	14.264	0	0	0
3	H03	Background	14.264	0	0	0
3	H04	Background	14.264	0	0	0
3	H05	Background	14.264	0	0	0
3	H06	Background	14.264	0	0	0
3	H07	Background	14.264	0	0	0
3	H08	Background	14.264	0	0	0
3	H09	Background	14.264	0	0	0
3	H10	Background	14.264	0	0	0
3	H11	Background	14.264	0	0	0
3	H12	Background	14.264	0	0	0
4	A01	Background	20.795	0	0	0
4	A02	Background	20.795	0	0	0
4	A03	Background	20.795	0	0	0
4	A04	Background	20.795	0	0	0
4	A05	Background	20.795	0	0	0
4	A06	Background	20.795	0	0	0
4	A07	Background	20.795	0	0	0
4	A08	Background	20.795	0	0	0
4	A09	Background	20.795	0	0	0
4	A10	Background	20.795	0	0	0
4	A11	Background	20.795	0	0	0
4	A12	Background	20.795	0	0	0
4	B01	c1 1/2	20.795	169,862.39	88,643.05	157,642.80
4	B02	c1 1/2	20.795	140,340.42	79,821.13	141,953.90
4	B03	c1 1/2	20.795	149,143.22	74,179.82	131,921.39
4	B04	c1 1/2	20.795	177,259.51	90,091.12	160,218.05
4	B05	c1 1/2	20.795	154,339.37	78,371.69	139,376.22
4	B06	c1 1/2	20.795	148,663.71	90,356.46	160,689.94
4	B07	c1 4/5	20.795	135,689.87	58,615.25	104,241.36
4	B08	c1 4/5	20.795	140,941.33	76,188.02	135,492.77
4	B09	c1 4/5	20.795	157,621.57	78,539.42	139,674.50
4	B10	c1 4/5	20.795	142,940.73	79,216.72	140,879.02
4	B11	c1 4/5	20.795	151,297.32	93,587.26	166,435.58
4	B12	c1 4/5	20.795	152,709.19	85,513.67	152,077.51
4	C01	c3 1/2	20.795	152,098.38	50,333.58	89,513.25
4	C02	c3 1/2	20.795	171,584.26	89,681.29	159,489.20
4	C03	c3 1/2	20.795	234,098.74	70,943.90	126,166.63
4	C04	c3 1/2	20.795	192,763.79	86,914.28	154,568.36
4	C05	c3 1/2	20.795	175,886.76	71,182.43	126,590.83
4	C06	c3 1/2	20.795	166,093.86	79,634.05	141,621.19
4	C07	c3 4/5	20.795	191,123.71	52,609.72	93,561.13
4	C08	c3 4/5	20.795	158,332.08	85,100.06	151,341.95
4	C09	c3 4/5	20.795	194,883.90	75,894.07	134,970.01
4	C10	c3 4/5	20.795	189,528.02	81,765.81	145,412.32
4	C11	c3 4/5	20.795	171,966.02	73,247.09	130,262.62
4	C12	c3 4/5	20.795	151,553.29	67,185.94	119,483.48
4	D01	c2 1/2	20.795	145,604.58	54,904.86	97,642.80
4	D02	c2 1/2	20.795	164,076.69	64,556.84	114,807.88
4	D03	c2 1/2	20.795	174,396.10	78,919.70	140,350.79
4	D04	c2 1/2	20.795	169,848.24	65,783.67	116,989.68
4	D05	c2 1/2	20.795	174,316.99	67,194.05	119,497.90
4	D06	c2 1/2	20.795	159,476.93	56,946.82	101,274.22
4	D07	c2 4/5	20.795	158,387.28	27,083.31	48,164.96
4	D08	c2 4/5	20.795	147,120.75	50,311.29	89,473.60
4	D09	c2 4/5	20.795	141,974.29	57,026.00	101,415.04
4	D10	c2 4/5	20.795	150,475.86	55,298.96	98,343.68
4	D11	c2 4/5	20.795	156,274.17	57,913.22	102,992.87
4	D12	c2 4/5	20.795	119,949.78	38,533.64	68,528.23
4	E01	p6.II.1 1/2	20.795	87,795.62	71,615.11	127,360.30
4	E02	p6.II.1 1/2	20.795	105,405.77	80,791.60	143,679.78
4	E03	p6.II.1 1/2	20.795	114,871.19	63,638.36	113,174.45
4	E04	p6.II.1 1/2	20.795	113,485.28	81,212.75	144,428.75
4	E05	p6.II.1 1/2	20.795	109,744.04	83,336.63	148,205.86
4	E06	p6.II.1 1/2	20.795	103,051.86	76,247.16	135,597.96
4	E07	p6.II.1 4/5	20.795	96,027.13	71,664.63	127,448.37
4	E08	p6.II.1 4/5	20.795	109,886.25	74,529.78	132,543.77
4	E09	p6.II.1 4/5	20.795	100,418.77	78,648.93	139,869.26
4	E10	p6.II.1 4/5	20.795	104,987.15	86,914.13	154,568.08
4	E11	p6.II.1 4/5	20.795	112,972.97	122,649.13	218,119.21
4	E12	p6.II.1 4/5	20.795	82,112.40	84,588.61	150,432.38
4	F01	p6.I.2 1/2	20.795	45,227.33	76,242.11	135,588.97
4	F02	p6.I.2 1/2	20.795	48,048.69	79,006.63	140,505.39
4	F03	p6.I.2 1/2	20.795	43,861.46	69,326.15	123,289.62
4	F04	p6.I.2 1/2	20.795	46,206.35	79,182.00	140,817.27
4	F05	p6.I.2 1/2	20.795	48,234.32	74,449.36	132,400.74
4	F06	p6.I.2 1/2	20.795	46,087.71	72,202.21	128,404.42
4	F07	p6.I.2 4/5	20.795	45,783.37	71,306.05	126,810.67
4	F08	p6.I.2 4/5	20.795	44,806.83	66,867.49	118,917.15
4	F09	p6.I.2 4/5	20.795	45,684.67	76,423.41	135,911.40
4	F10	p6.I.2 4/5	20.795	46,252.95	72,807.74	129,481.29
4	F11	p6.I.2 4/5	20.795	44,344.26	78,489.94	139,586.51
4	F12	p6.I.2 4/5	20.795	37,581.15	60,809.49	108,143.59
4	H01	Background	20.795	0	0	0
4	H02	Background	20.795	0	0	0
4	H03	Background	20.795	0	0	0
4	H04	Background	20.795	0	0	0
4	H05	Background	20.795	0	0	0
4	H06	Background	20.795	0	0	0
4	H07	Background	20.795	0	0	0
4	H08	Background	20.795	0	0	0
4	H09	Background	20.795	0	0	0
4	H10	Background	20.795	0	0	0
4	H11	Background	20.795	0	0	0
4	H12	Background	20.795	0	0	0
5	A01	Background	27.387	0	0	0
5	A02	Background	27.387	0	0	0
5	A03	Background	27.387	0	0	0
5	A04	Background	27.387	0	0	0
5	A05	Background	27.387	0	0	0
5	A06	Background	27.387	0	0	0
5	A07	Background	27.387	0	0	0
5	A08	Background	27.387	0	0	0
5	A09	Background	27.387	0	0	0
5	A10	Background	27.387	0	0	0
5	A11	Background	27.387	0	0	0
5	A12	Background	27.387	0	0	0
5	B01	c1 1/2	27.387	83,757.26	136,410.37	242,592.21
5	B02	c1 1/2	27.387	72,477.07	101,801.26	181,043.36
5	B03	c1 1/2	27.387	71,606.25	104,083.89	185,102.79
5	B04	c1 1/2	27.387	78,001.08	123,182.14	219,067.12
5	B05	c1 1/2	27.387	65,606.13	120,325.35	213,986.61
5	B06	c1 1/2	27.387	63,017.03	131,143.54	233,225.66
5	B07	c1 4/5	27.387	65,048.05	95,772.84	170,322.42
5	B08	c1 4/5	27.387	64,197.79	126,427.65	224,838.94
5	B09	c1 4/5	27.387	102,499.95	106,155.56	188,787.04
5	B10	c1 4/5	27.387	55,988.19	116,184.43	206,622.39
5	B11	c1 4/5	27.387	58,591.78	143,034.47	254,372.50
5	B12	c1 4/5	27.387	59,719.20	129,216.07	229,797.87
5	C01	c3 1/2	27.387	25,987.69	93,842.43	166,889.37
5	C02	c3 1/2	27.387	69,481.84	124,299.00	221,053.34
5	C03	c3 1/2	27.387	131,902.23	120,671.46	214,602.12
5	C04	c3 1/2	27.387	81,458.90	116,845.84	207,798.64
5	C05	c3 1/2	27.387	66,324.67	124,082.55	220,668.41
5	C06	c3 1/2	27.387	60,157.20	137,404.66	244,360.44
5	C07	c3 4/5	27.387	87,865.33	125,132.80	222,536.17
5	C08	c3 4/5	27.387	65,102.62	130,632.69	232,317.18
5	C09	c3 4/5	27.387	94,314.88	122,956.01	218,664.97
5	C10	c3 4/5	27.387	72,852.15	138,120.23	245,633.01
5	C11	c3 4/5	27.387	61,929.11	119,940.31	213,301.85
5	C12	c3 4/5	27.387	43,159.71	114,621.94	203,843.66
5	D01	c2 1/2	27.387	44,878.49	95,307.25	169,494.42
5	D02	c2 1/2	27.387	53,720.66	120,153.85	213,681.61
5	D03	c2 1/2	27.387	61,907.36	126,260.96	224,542.49
5	D04	c2 1/2	27.387	62,555.74	125,058.82	222,404.60
5	D05	c2 1/2	27.387	79,090.09	120,172.88	213,715.44
5	D06	c2 1/2	27.387	65,465.73	111,299.55	197,935.12
5	D07	c2 4/5	27.387	60,072.73	61,652.42	109,642.66
5	D08	c2 4/5	27.387	55,457.53	101,185.75	179,948.74
5	D09	c2 4/5	27.387	53,785.92	107,156.72	190,567.51
5	D10	c2 4/5	27.387	49,387.17	112,473.45	200,022.79
5	D11	c2 4/5	27.387	62,228.03	115,066.89	204,634.95
5	D12	c2 4/5	27.387	41,046.74	68,797.14	122,348.83
5	E01	p6.II.1 1/2	27.387	86,920.17	70,763.26	125,845.38
5	E02	p6.II.1 1/2	27.387	67,619.73	97,519.05	173,427.87
5	E03	p6.II.1 1/2	27.387	76,454.75	82,088.17	145,985.60
5	E04	p6.II.1 1/2	27.387	56,327.28	111,489.32	198,272.61
5	E05	p6.II.1 1/2	27.387	57,951.29	110,300.46	196,158.34
5	E06	p6.II.1 1/2	27.387	47,421.44	110,127.32	195,850.43
5	E07	p6.II.1 4/5	27.387	60,845.18	88,783.06	157,891.79
5	E08	p6.II.1 4/5	27.387	55,164.45	120,465.04	214,235.03
5	E09	p6.II.1 4/5	27.387	42,517.77	115,570.01	205,529.70
5	E10	p6.II.1 4/5	27.387	51,745.33	115,797.84	205,934.88
5	E11	p6.II.1 4/5	27.387	49,127.20	162,684.94	289,318.89
5	E12	p6.II.1 4/5	27.387	37,356.04	112,522.31	200,109.68
5	F01	p6.I.2 1/2	27.387	36,112.77	76,616.19	136,254.23
5	F02	p6.I.2 1/2	27.387	33,795.62	83,991.12	149,369.80
5	F03	p6.I.2 1/2	27.387	39,772.75	74,193.16	131,945.11
5	F04	p6.I.2 1/2	27.387	41,482.03	83,039.90	147,678.16
5	F05	p6.I.2 1/2	27.387	44,767.67	76,952.10	136,851.61
5	F06	p6.I.2 1/2	27.387	39,272.01	78,513.21	139,627.90
5	F07	p6.I.2 4/5	27.387	43,303.56	74,009.01	131,617.62
5	F08	p6.I.2 4/5	27.387	36,500.08	73,925.39	131,468.92
5	F09	p6.I.2 4/5	27.387	35,569.48	88,747.53	157,828.62
5	F10	p6.I.2 4/5	27.387	42,453.19	78,299.62	139,248.05
5	F11	p6.I.2 4/5	27.387	40,290.49	81,719.20	145,329.42
5	F12	p6.I.2 4/5	27.387	32,324.67	60,114.97	106,908.46
5	H01	Background	27.387	0	0	0
5	H02	Background	27.387	0	0	0
5	H03	Background	27.387	0	0	0
5	H04	Background	27.387	0	0	0
5	H05	Background	27.387	0	0	0
5	H06	Background	27.387	0	0	0
5	H07	Background	27.387	0	0	0
5	H08	Background	27.387	0	0	0
5	H09	Background	27.387	0	0	0
5	H10	Background	27.387	0	0	0
5	H11	Background	27.387	0	0	0
5	H12	Background	27.387	0	0	0
6	A01	Background	33.89	0	0	0
6	A02	Background	33.89	0	0	0
6	A03	Background	33.89	0	0	0
6	A04	Background	33.89	0	0	0
6	A05	Background	33.89	0	0	0
6	A06	Background	33.89	0	0	0
6	A07	Background	33.89	0	0	0
6	A08	Background	33.89	0	0	0
6	A09	Background	33.89	0	0	0
6	A10	Background	33.89	0	0	0
6	A11	Background	33.89	0	0	0
6	A12	Background	33.89	0	0	0
6	B01	c1 1/2	33.89	75,134.49	165,698.61	294,678.40
6	B02	c1 1/2	33.89	59,060.08	120,755.19	214,751.02
6	B03	c1 1/2	33.89	61,510.42	122,622.43	218,071.73
6	B04	c1 1/2	33.89	71,955.09	139,856.21	248,720.28
6	B05	c1 1/2	33.89	59,166.38	132,571.88	235,765.83
6	B06	c1 1/2	33.89	58,514.17	146,724.60	260,935.03
6	B07	c1 4/5	33.89	57,370.93	101,974.15	181,350.82
6	B08	c1 4/5	33.89	53,991.33	135,754.73	241,426.20
6	B09	c1 4/5	33.89	71,606.03	125,537.73	223,256.30
6	B10	c1 4/5	33.89	50,133.80	129,548.06	230,388.26
6	B11	c1 4/5	33.89	53,260.97	155,743.27	276,973.82
6	B12	c1 4/5	33.89	52,378.83	156,374.14	278,095.78
6	C01	c3 1/2	33.89	29,523.24	105,585.20	187,772.72
6	C02	c3 1/2	33.89	60,827.63	133,549.29	237,504.05
6	C03	c3 1/2	33.89	129,869.50	115,414.54	205,253.21
6	C04	c3 1/2	33.89	78,738.27	124,849.83	222,032.94
6	C05	c3 1/2	33.89	63,988.98	109,682.61	195,059.55
6	C06	c3 1/2	33.89	62,524.43	133,072.82	236,656.70
6	C07	c3 4/5	33.89	87,171.15	109,810.24	195,286.53
6	C08	c3 4/5	33.89	63,394.16	125,850.19	223,811.98
6	C09	c3 4/5	33.89	89,642.84	116,428.23	207,055.96
6	C10	c3 4/5	33.89	69,932.38	129,679.16	230,621.42
6	C11	c3 4/5	33.89	63,739.17	116,903.07	207,900.42
6	C12	c3 4/5	33.89	47,089.05	118,806.25	211,285.03
6	D01	c2 1/2	33.89	45,833.78	98,007.65	174,296.81
6	D02	c2 1/2	33.89	49,389.84	112,729.56	200,478.25
6	D03	c2 1/2	33.89	60,596.57	119,898.20	213,226.96
6	D04	c2 1/2	33.89	61,927.07	114,197.69	203,089.16
6	D05	c2 1/2	33.89	67,711.90	114,684.89	203,955.61
6	D06	c2 1/2	33.89	56,465.57	103,847.02	184,681.54
6	D07	c2 4/5	33.89	57,570.74	55,677.33	99,016.56
6	D08	c2 4/5	33.89	50,966.80	90,896.92	161,651.08
6	D09	c2 4/5	33.89	49,916.55	100,672.77	179,036.45
6	D10	c2 4/5	33.89	48,169.72	103,170.06	183,477.63
6	D11	c2 4/5	33.89	60,178.67	106,548.67	189,486.16
6	D12	c2 4/5	33.89	39,285.47	70,938.18	126,156.46
6	E01	p6.II.1 1/2	33.89	87,023.38	70,323.62	125,063.53
6	E02	p6.II.1 1/2	33.89	49,617.23	112,578.48	200,209.57
6	E03	p6.II.1 1/2	33.89	57,266.85	94,185.66	167,499.77
6	E04	p6.II.1 1/2	33.89	47,334.62	118,586.77	210,894.72
6	E05	p6.II.1 1/2	33.89	46,241.08	116,720.84	207,576.34
6	E06	p6.II.1 1/2	33.89	41,866.67	112,754.62	200,522.81
6	E07	p6.II.1 4/5	33.89	40,648.15	98,153.08	174,555.43
6	E08	p6.II.1 4/5	33.89	48,928.04	116,824.60	207,760.86
6	E09	p6.II.1 4/5	33.89	38,215.48	112,493.62	200,058.66
6	E10	p6.II.1 4/5	33.89	44,771.93	125,573.76	223,320.37
6	E11	p6.II.1 4/5	33.89	43,626.47	169,892.45	302,136.73
6	E12	p6.II.1 4/5	33.89	33,721.19	122,181.25	217,287.14
6	F01	p6.I.2 1/2	33.89	26,493.05	83,882.76	149,177.10
6	F02	p6.I.2 1/2	33.89	28,666.77	87,872.15	156,271.82
6	F03	p6.I.2 1/2	33.89	33,601.04	76,805.42	136,590.76
6	F04	p6.I.2 1/2	33.89	31,813.48	87,195.74	155,068.90
6	F05	p6.I.2 1/2	33.89	38,187.22	80,733.16	143,575.85
6	F06	p6.I.2 1/2	33.89	31,736.70	83,058.02	147,710.39
6	F07	p6.I.2 4/5	33.89	39,658.99	76,707.66	136,416.91
6	F08	p6.I.2 4/5	33.89	28,109.39	77,442.50	137,723.75
6	F09	p6.I.2 4/5	33.89	28,905.59	87,927.75	156,370.71
6	F10	p6.I.2 4/5	33.89	35,393.16	81,581.03	145,083.70
6	F11	p6.I.2 4/5	33.89	33,922.17	83,057.99	147,710.33
6	F12	p6.I.2 4/5	33.89	24,466.23	64,842.82	115,316.48
6	H01	Background	33.89	0	0	0
6	H02	Background	33.89	0	0	0
6	H03	Background	33.89	0	0	0
6	H04	Background	33.89	0	0	0
6	H05	Background	33.89	0	0	0
6	H06	Background	33.89	0	0	0
6	H07	Background	33.89	0	0	0
6	H08	Background	33.89	0	0	0
6	H09	Background	33.89	0	0	0
6	H10	Background	33.89	0	0	0
6	H11	Background	33.89	0	0	0
6	H12	Background	33.89	0	0	0
7	A01	Background	40.393	0	0	0
7	A02	Background	40.393	0	0	0
7	A03	Background	40.393	0	0	0
7	A04	Background	40.393	0	0	0
7	A05	Background	40.393	0	0	0
7	A06	Background	40.393	0	0	0
7	A07	Background	40.393	0	0	0
7	A08	Background	40.393	0	0	0
7	A09	Background	40.393	0	0	0
7	A10	Background	40.393	0	0	0
7	A11	Background	40.393	0	0	0
7	A12	Background	40.393	0	0	0
7	B01	c1 1/2	40.393	75,435.78	177,481.86	315,633.74
7	B02	c1 1/2	40.393	54,689.10	132,984.11	236,498.95
7	B03	c1 1/2	40.393	58,191.35	132,655.16	235,913.94
7	B04	c1 1/2	40.393	70,331.75	147,794.09	262,837.02
7	B05	c1 1/2	40.393	55,434.85	139,600.66	248,265.82
7	B06	c1 1/2	40.393	54,648.11	153,538.10	273,052.15
7	B07	c1 4/5	40.393	52,899.58	107,288.48	190,801.84
7	B08	c1 4/5	40.393	52,727.69	139,776.72	248,578.91
7	B09	c1 4/5	40.393	66,427.82	134,991.79	240,069.39
7	B10	c1 4/5	40.393	47,645.07	135,879.51	241,648.12
7	B11	c1 4/5	40.393	48,152.94	162,689.48	289,326.97
7	B12	c1 4/5	40.393	52,132.07	169,260.89	301,013.56
7	C01	c3 1/2	40.393	33,876.91	105,187.67	187,065.75
7	C02	c3 1/2	40.393	62,228.51	136,950.68	243,553.09
7	C03	c3 1/2	40.393	126,321.27	116,848.47	207,803.33
7	C04	c3 1/2	40.393	79,909.85	132,584.28	235,787.88
7	C05	c3 1/2	40.393	58,286.10	109,441.28	194,630.38
7	C06	c3 1/2	40.393	57,561.29	132,063.95	234,862.52
7	C07	c3 4/5	40.393	89,409.07	106,167.96	188,809.09
7	C08	c3 4/5	40.393	65,093.24	128,799.66	229,057.31
7	C09	c3 4/5	40.393	90,920.25	121,895.27	216,778.55
7	C10	c3 4/5	40.393	70,381.63	132,973.69	236,480.41
7	C11	c3 4/5	40.393	58,368.70	120,611.90	214,496.20
7	C12	c3 4/5	40.393	50,219.92	122,028.58	217,015.62
7	D01	c2 1/2	40.393	45,289.07	99,702.10	177,310.22
7	D02	c2 1/2	40.393	49,444.00	113,213.60	201,339.07
7	D03	c2 1/2	40.393	59,768.09	119,711.53	212,894.99
7	D04	c2 1/2	40.393	61,057.68	113,900.29	202,560.28
7	D05	c2 1/2	40.393	66,343.29	114,967.78	204,458.70
7	D06	c2 1/2	40.393	53,309.08	103,142.93	183,429.39
7	D07	c2 4/5	40.393	54,064.29	55,306.80	98,357.61
7	D08	c2 4/5	40.393	49,008.62	89,540.97	159,239.67
7	D09	c2 4/5	40.393	48,001.73	99,497.55	176,946.44
7	D10	c2 4/5	40.393	47,116.82	102,106.76	181,586.66
7	D11	c2 4/5	40.393	59,579.61	105,204.20	187,095.15
7	D12	c2 4/5	40.393	38,249.97	72,524.84	128,978.18
7	E01	p6.II.1 1/2	40.393	86,835.83	70,021.86	124,526.88
7	E02	p6.II.1 1/2	40.393	46,814.86	118,887.99	211,430.40
7	E03	p6.II.1 1/2	40.393	54,163.24	97,564.33	173,508.41
7	E04	p6.II.1 1/2	40.393	44,622.81	121,571.18	216,202.18
7	E05	p6.II.1 1/2	40.393	43,966.02	122,126.47	217,189.72
7	E06	p6.II.1 1/2	40.393	40,628.46	116,396.14	206,998.90
7	E07	p6.II.1 4/5	40.393	36,630.86	102,655.80	182,563.07
7	E08	p6.II.1 4/5	40.393	48,412.81	118,084.53	210,001.52
7	E09	p6.II.1 4/5	40.393	34,547.09	114,677.01	203,941.59
7	E10	p6.II.1 4/5	40.393	41,733.40	131,591.82	234,022.90
7	E11	p6.II.1 4/5	40.393	41,515.83	176,479.51	313,851.16
7	E12	p6.II.1 4/5	40.393	32,431.06	129,842.91	230,912.62
7	F01	p6.I.2 1/2	40.393	23,302.90	86,626.08	154,055.81
7	F02	p6.I.2 1/2	40.393	27,683.75	88,957.01	158,201.14
7	F03	p6.I.2 1/2	40.393	29,166.41	78,387.95	139,405.13
7	F04	p6.I.2 1/2	40.393	28,078.41	91,258.62	162,294.33
7	F05	p6.I.2 1/2	40.393	32,978.07	82,801.90	147,254.89
7	F06	p6.I.2 1/2	40.393	28,767.70	84,621.16	150,490.28
7	F07	p6.I.2 4/5	40.393	34,850.80	79,638.40	141,628.93
7	F08	p6.I.2 4/5	40.393	26,578.15	80,038.29	142,340.09
7	F09	p6.I.2 4/5	40.393	26,908.14	91,376.00	162,503.08
7	F10	p6.I.2 4/5	40.393	30,698.16	83,876.03	149,165.13
7	F11	p6.I.2 4/5	40.393	28,588.42	87,105.40	154,908.25
7	F12	p6.I.2 4/5	40.393	20,340.83	67,287.09	119,663.36
7	H01	Background	40.393	0	0	0
7	H02	Background	40.393	0	0	0
7	H03	Background	40.393	0	0	0
7	H04	Background	40.393	0	0	0
7	H05	Background	40.393	0	0	0
7	H06	Background	40.393	0	0	0
7	H07	Background	40.393	0	0	0
7	H08	Background	40.393	0	0	0
7	H09	Background	40.393	0	0	0
7	H10	Background	40.393	0	0	0
7	H11	Background	40.393	0	0	0
7	H12	Background	40.393	0	0	0
8	A01	Background	47.021	0	0	0
8	A02	Background	47.021	0	0	0
8	A03	Background	47.021	0	0	0
8	A04	Background	47.021	0	0	0
8	A05	Background	47.021	0	0	0
8	A06	Background	47.021	0	0	0
8	A07	Background	47.021	0	0	0
8	A08	Background	47.021	0	0	0
8	A09	Background	47.021	0	0	0
8	A10	Background	47.021	0	0	0
8	A11	Background	47.021	0	0	0
8	A12	Background	47.021	0	0	0
8	B01	c1 1/2	47.021	259,960.41	195,946.66	348,471.55
8	B02	c1 1/2	47.021	205,472.63	154,780.17	275,261.05
8	B03	c1 1/2	47.021	271,234.92	159,502.46	283,659.17
8	B04	c1 1/2	47.021	280,198.80	190,624.13	339,005.96
8	B05	c1 1/2	47.021	248,817.98	171,891.64	305,692.09
8	B06	c1 1/2	47.021	217,629.21	185,789.67	330,408.34
8	B07	c1 4/5	47.021	191,228.73	140,088.86	249,134.03
8	B08	c1 4/5	47.021	229,748.38	171,466.67	304,936.32
8	B09	c1 4/5	47.021	261,420.68	173,039.76	307,733.91
8	B10	c1 4/5	47.021	241,437.80	169,716.71	301,824.19
8	B11	c1 4/5	47.021	253,782.29	212,082.74	377,167.94
8	B12	c1 4/5	47.021	252,639.82	205,148.35	364,835.82
8	C01	c3 1/2	47.021	165,028.66	109,841.03	195,341.28
8	C02	c3 1/2	47.021	179,930.81	156,400.79	278,143.16
8	C03	c3 1/2	47.021	291,777.50	133,692.51	237,758.76
8	C04	c3 1/2	47.021	233,985.13	128,350.95	228,259.33
8	C05	c3 1/2	47.021	224,668.57	138,361.88	246,062.76
8	C06	c3 1/2	47.021	172,921.90	157,608.20	280,290.42
8	C07	c3 4/5	47.021	250,037.43	133,541.01	237,489.34
8	C08	c3 4/5	47.021	168,546.41	142,367.29	253,186.00
8	C09	c3 4/5	47.021	240,884.29	135,260.15	240,546.64
8	C10	c3 4/5	47.021	218,853.14	154,092.71	274,038.48
8	C11	c3 4/5	47.021	258,702.82	136,787.46	243,262.82
8	C12	c3 4/5	47.021	172,318.88	135,701.95	241,332.34
8	D01	c2 1/2	47.021	172,971.20	111,296.14	197,929.05
8	D02	c2 1/2	47.021	211,009.73	137,555.17	244,628.12
8	D03	c2 1/2	47.021	217,110.08	139,805.04	248,629.28
8	D04	c2 1/2	47.021	212,412.26	133,980.00	238,270.04
8	D05	c2 1/2	47.021	243,723.92	134,376.49	238,975.15
8	D06	c2 1/2	47.021	207,004.27	124,180.10	220,841.88
8	D07	c2 4/5	47.021	249,570.70	75,653.47	134,542.13
8	D08	c2 4/5	47.021	252,686.83	112,409.32	199,908.73
8	D09	c2 4/5	47.021	206,666.77	119,229.21	212,037.22
8	D10	c2 4/5	47.021	241,403.67	128,939.89	229,306.70
8	D11	c2 4/5	47.021	202,413.70	128,367.23	228,288.29
8	D12	c2 4/5	47.021	217,087.88	88,407.45	157,223.81
8	E01	p6.II.1 1/2	47.021	165,754.23	132,308.30	235,297.08
8	E02	p6.II.1 1/2	47.021	160,643.32	147,910.04	263,043.22
8	E03	p6.II.1 1/2	47.021	216,395.70	123,089.81	218,902.91
8	E04	p6.II.1 1/2	47.021	180,835.54	155,197.75	276,003.69
8	E05	p6.II.1 1/2	47.021	199,793.46	157,702.30	280,457.78
8	E06	p6.II.1 1/2	47.021	186,341.72	149,243.12	265,413.97
8	E07	p6.II.1 4/5	47.021	180,638.04	146,254.16	260,098.40
8	E08	p6.II.1 4/5	47.021	189,630.61	171,545.47	305,076.46
8	E09	p6.II.1 4/5	47.021	181,101.38	160,254.15	284,995.99
8	E10	p6.II.1 4/5	47.021	180,467.20	158,698.02	282,228.56
8	E11	p6.II.1 4/5	47.021	194,002.61	215,399.82	383,067.04
8	E12	p6.II.1 4/5	47.021	125,404.19	146,114.04	259,849.20
8	F01	p6.I.2 1/2	47.021	114,945.92	96,362.44	171,370.97
8	F02	p6.I.2 1/2	47.021	120,839.08	92,756.16	164,957.56
8	F03	p6.I.2 1/2	47.021	105,444.79	77,907.36	138,550.44
8	F04	p6.I.2 1/2	47.021	117,922.11	93,992.72	167,156.66
8	F05	p6.I.2 1/2	47.021	112,556.28	82,880.88	147,395.36
8	F06	p6.I.2 1/2	47.021	112,278.51	83,870.64	149,155.55
8	F07	p6.I.2 4/5	47.021	107,689.47	86,822.22	154,404.63
8	F08	p6.I.2 4/5	47.021	101,475.40	81,327.62	144,633.04
8	F09	p6.I.2 4/5	47.021	116,202.21	102,072.70	181,526.09
8	F10	p6.I.2 4/5	47.021	106,133.07	85,552.97	152,147.41
8	F11	p6.I.2 4/5	47.021	104,737.81	90,324.41	160,632.93
8	F12	p6.I.2 4/5	47.021	91,123.67	68,317.75	121,496.28
8	H01	Background	47.021	0	0	0
8	H02	Background	47.021	0	0	0
8	H03	Background	47.021	0	0	0
8	H04	Background	47.021	0	0	0
8	H05	Background	47.021	0	0	0
8	H06	Background	47.021	0	0	0
8	H07	Background	47.021	0	0	0
8	H08	Background	47.021	0	0	0
8	H09	Background	47.021	0	0	0
8	H10	Background	47.021	0	0	0
8	H11	Background	47.021	0	0	0
8	H12	Background	47.021	0	0	0
9	A01	Background	53.524	0	0	0
9	A02	Background	53.524	0	0	0
9	A03	Background	53.524	0	0	0
9	A04	Background	53.524	0	0	0
9	A05	Background	53.524	0	0	0
9	A06	Background	53.524	0	0	0
9	A07	Background	53.524	0	0	0
9	A08	Background	53.524	0	0	0
9	A09	Background	53.524	0	0	0
9	A10	Background	53.524	0	0	0
9	A11	Background	53.524	0	0	0
9	A12	Background	53.524	0	0	0
9	B01	c1 1/2	53.524	282,429.87	203,224.94	361,415.23
9	B02	c1 1/2	53.524	221,730.26	154,572.62	274,891.94
9	B03	c1 1/2	53.524	278,093.09	157,713.93	280,478.45
9	B04	c1 1/2	53.524	295,102.26	188,212.81	334,717.67
9	B05	c1 1/2	53.524	266,511.76	173,945.89	309,345.36
9	B06	c1 1/2	53.524	227,220.44	177,099.08	314,953.00
9	B07	c1 4/5	53.524	223,902.70	131,897.02	234,565.67
9	B08	c1 4/5	53.524	259,225.77	172,984.84	307,636.24
9	B09	c1 4/5	53.524	278,604.88	173,161.00	307,949.52
9	B10	c1 4/5	53.524	260,385.96	174,142.89	309,695.72
9	B11	c1 4/5	53.524	273,533.30	204,754.75	364,135.85
9	B12	c1 4/5	53.524	289,002.76	215,786.11	383,754.02
9	C01	c3 1/2	53.524	187,427.00	118,124.68	210,072.93
9	C02	c3 1/2	53.524	194,672.51	158,387.31	281,675.99
9	C03	c3 1/2	53.524	297,999.49	139,714.50	248,468.27
9	C04	c3 1/2	53.524	257,928.33	139,643.03	248,341.17
9	C05	c3 1/2	53.524	237,125.50	140,197.34	249,326.95
9	C06	c3 1/2	53.524	172,181.36	155,654.46	276,815.88
9	C07	c3 4/5	53.524	271,863.34	130,519.13	232,115.22
9	C08	c3 4/5	53.524	188,928.40	151,243.72	268,971.84
9	C09	c3 4/5	53.524	265,220.56	139,475.00	248,042.34
9	C10	c3 4/5	53.524	234,045.06	155,493.58	276,529.77
9	C11	c3 4/5	53.524	268,062.30	146,112.77	259,846.95
9	C12	c3 4/5	53.524	185,766.74	142,429.35	253,296.35
9	D01	c2 1/2	53.524	182,700.49	116,423.07	207,046.78
9	D02	c2 1/2	53.524	214,215.44	131,891.24	234,555.38
9	D03	c2 1/2	53.524	207,967.22	138,360.32	246,060.00
9	D04	c2 1/2	53.524	232,387.54	128,631.01	228,757.40
9	D05	c2 1/2	53.524	238,669.92	130,375.06	231,859.01
9	D06	c2 1/2	53.524	214,699.63	121,258.46	215,646.05
9	D07	c2 4/5	53.524	253,216.33	72,107.79	128,236.50
9	D08	c2 4/5	53.524	264,629.51	111,691.34	198,631.88
9	D09	c2 4/5	53.524	227,881.58	122,426.79	217,723.80
9	D10	c2 4/5	53.524	247,477.93	127,832.01	227,336.44
9	D11	c2 4/5	53.524	222,781.56	125,748.47	223,631.07
9	D12	c2 4/5	53.524	208,230.41	92,204.97	163,977.31
9	E01	p6.II.1 1/2	53.524	168,263.80	144,556.23	257,078.79
9	E02	p6.II.1 1/2	53.524	178,797.56	138,564.91	246,423.83
9	E03	p6.II.1 1/2	53.524	212,185.78	121,898.68	216,784.61
9	E04	p6.II.1 1/2	53.524	196,519.12	147,176.85	261,739.31
9	E05	p6.II.1 1/2	53.524	203,513.79	146,897.47	261,242.46
9	E06	p6.II.1 1/2	53.524	190,329.70	140,264.72	249,446.77
9	E07	p6.II.1 4/5	53.524	181,214.49	130,855.39	232,713.23
9	E08	p6.II.1 4/5	53.524	199,591.00	161,387.86	287,012.17
9	E09	p6.II.1 4/5	53.524	186,211.34	152,217.94	270,704.39
9	E10	p6.II.1 4/5	53.524	193,397.65	160,760.97	285,897.30
9	E11	p6.II.1 4/5	53.524	209,550.50	210,883.05	375,034.42
9	E12	p6.II.1 4/5	53.524	139,095.67	152,549.58	271,294.17
9	F01	p6.I.2 1/2	53.524	115,777.51	94,159.10	167,452.54
9	F02	p6.I.2 1/2	53.524	119,594.86	89,260.99	158,741.74
9	F03	p6.I.2 1/2	53.524	106,263.54	82,312.43	146,384.43
9	F04	p6.I.2 1/2	53.524	116,553.35	93,946.74	167,074.88
9	F05	p6.I.2 1/2	53.524	112,180.85	84,832.97	150,866.95
9	F06	p6.I.2 1/2	53.524	111,795.90	84,756.75	150,731.40
9	F07	p6.I.2 4/5	53.524	107,626.02	86,332.76	153,534.18
9	F08	p6.I.2 4/5	53.524	101,626.12	77,958.17	138,640.80
9	F09	p6.I.2 4/5	53.524	113,437.45	93,024.88	165,435.44
9	F10	p6.I.2 4/5	53.524	105,819.17	87,184.07	155,048.15
9	F11	p6.I.2 4/5	53.524	103,963.68	89,547.44	159,251.17
9	F12	p6.I.2 4/5	53.524	90,863.61	70,971.38	126,215.49
9	H01	Background	53.524	0	0	0
9	H02	Background	53.524	0	0	0
9	H03	Background	53.524	0	0	0
9	H04	Background	53.524	0	0	0
9	H05	Background	53.524	0	0	0
9	H06	Background	53.524	0	0	0
9	H07	Background	53.524	0	0	0
9	H08	Background	53.524	0	0	0
9	H09	Background	53.524	0	0	0
9	H10	Background	53.524	0	0	0
9	H11	Background	53.524	0	0	0
9	H12	Background	53.524	0	0	0
10	A01	Background	60.018	0	0	0
10	A02	Background	60.018	0	0	0
10	A03	Background	60.018	0	0	0
10	A04	Background	60.018	0	0	0
10	A05	Background	60.018	0	0	0
10	A06	Background	60.018	0	0	0
10	A07	Background	60.018	0	0	0
10	A08	Background	60.018	0	0	0
10	A09	Background	60.018	0	0	0
10	A10	Background	60.018	0	0	0
10	A11	Background	60.018	0	0	0
10	A12	Background	60.018	0	0	0
10	B01	c1 1/2	60.018	307,773.73	209,793.28	373,096.37
10	B02	c1 1/2	60.018	248,887.01	162,767.65	289,465.98
10	B03	c1 1/2	60.018	289,167.20	164,372.32	292,319.74
10	B04	c1 1/2	60.018	308,848.05	192,862.44	342,986.56
10	B05	c1 1/2	60.018	283,463.85	178,916.58	318,185.25
10	B06	c1 1/2	60.018	253,831.61	184,175.70	327,538.06
10	B07	c1 4/5	60.018	241,260.96	137,190.67	243,979.89
10	B08	c1 4/5	60.018	276,757.68	180,553.85	321,096.97
10	B09	c1 4/5	60.018	292,044.34	183,075.72	325,581.86
10	B10	c1 4/5	60.018	273,203.16	183,168.60	325,747.03
10	B11	c1 4/5	60.018	290,628.55	216,388.16	384,824.71
10	B12	c1 4/5	60.018	299,730.85	226,451.44	402,721.23
10	C01	c3 1/2	60.018	201,047.10	125,561.35	223,298.30
10	C02	c3 1/2	60.018	210,961.21	160,865.39	286,083.01
10	C03	c3 1/2	60.018	309,982.87	135,632.30	241,208.48
10	C04	c3 1/2	60.018	269,007.38	146,386.87	260,334.41
10	C05	c3 1/2	60.018	252,844.55	137,171.33	243,945.49
10	C06	c3 1/2	60.018	189,173.15	155,978.39	277,391.97
10	C07	c3 4/5	60.018	285,166.76	133,180.83	236,848.79
10	C08	c3 4/5	60.018	199,437.48	156,344.80	278,043.60
10	C09	c3 4/5	60.018	275,261.92	147,423.68	262,178.27
10	C10	c3 4/5	60.018	250,763.90	161,321.60	286,894.34
10	C11	c3 4/5	60.018	281,719.81	153,267.44	272,570.82
10	C12	c3 4/5	60.018	202,014.89	146,115.90	259,852.51
10	D01	c2 1/2	60.018	203,917.62	121,995.34	216,956.51
10	D02	c2 1/2	60.018	233,439.05	132,347.94	235,367.58
10	D03	c2 1/2	60.018	219,771.57	135,706.99	241,341.31
10	D04	c2 1/2	60.018	250,083.14	129,715.28	230,685.66
10	D05	c2 1/2	60.018	254,847.72	132,405.10	235,469.23
10	D06	c2 1/2	60.018	232,706.93	120,491.51	214,282.09
10	D07	c2 4/5	60.018	265,425.66	73,253.08	130,273.27
10	D08	c2 4/5	60.018	269,240.80	113,785.47	202,356.09
10	D09	c2 4/5	60.018	242,507.76	125,910.75	223,919.67
10	D10	c2 4/5	60.018	259,749.33	130,736.61	232,501.98
10	D11	c2 4/5	60.018	236,600.14	127,839.34	227,349.48
10	D12	c2 4/5	60.018	209,564.71	95,438.85	169,728.45
10	E01	p6.II.1 1/2	60.018	170,782.08	149,872.97	266,534.10
10	E02	p6.II.1 1/2	60.018	190,381.48	141,926.58	252,402.23
10	E03	p6.II.1 1/2	60.018	208,832.72	123,291.72	219,261.99
10	E04	p6.II.1 1/2	60.018	203,777.96	150,735.12	268,067.33
10	E05	p6.II.1 1/2	60.018	209,685.43	148,619.87	264,305.57
10	E06	p6.II.1 1/2	60.018	196,149.25	141,904.21	252,362.44
10	E07	p6.II.1 4/5	60.018	187,955.17	129,317.70	229,978.59
10	E08	p6.II.1 4/5	60.018	202,989.91	161,363.17	286,968.25
10	E09	p6.II.1 4/5	60.018	187,627.78	152,674.58	271,516.47
10	E10	p6.II.1 4/5	60.018	198,816.75	167,189.74	297,330.23
10	E11	p6.II.1 4/5	60.018	210,167.39	219,047.31	389,553.73
10	E12	p6.II.1 4/5	60.018	146,062.32	161,038.13	286,390.22
10	F01	p6.I.2 1/2	60.018	114,907.86	96,917.64	172,358.32
10	F02	p6.I.2 1/2	60.018	116,293.65	88,088.83	156,657.18
10	F03	p6.I.2 1/2	60.018	103,139.60	81,437.62	144,828.67
10	F04	p6.I.2 1/2	60.018	113,290.68	92,439.77	164,394.89
10	F05	p6.I.2 1/2	60.018	109,454.06	83,703.05	148,857.51
10	F06	p6.I.2 1/2	60.018	108,324.82	83,715.03	148,878.81
10	F07	p6.I.2 4/5	60.018	103,054.84	84,804.02	150,815.46
10	F08	p6.I.2 4/5	60.018	96,689.92	75,385.65	134,065.83
10	F09	p6.I.2 4/5	60.018	110,589.20	90,171.86	160,361.64
10	F10	p6.I.2 4/5	60.018	101,502.23	85,658.56	152,335.19
10	F11	p6.I.2 4/5	60.018	98,697.46	88,358.94	157,137.53
10	F12	p6.I.2 4/5	60.018	84,422.49	71,046.85	126,349.72
10	H01	Background	60.018	0	0	0
10	H02	Background	60.018	0	0	0
10	H03	Background	60.018	0	0	0
10	H04	Background	60.018	0	0	0
10	H05	Background	60.018	0	0	0
10	H06	Background	60.018	0	0	0
10	H07	Background	60.018	0	0	0
10	H08	Background	60.018	0	0	0
10	H09	Background	60.018	0	0	0
10	H10	Background	60.018	0	0	0
10	H11	Background	60.018	0	0	0
10	H12	Background	60.018	0	0	0
11	A01	Background	66.659	0	0	0
11	A02	Background	66.659	0	0	0
11	A03	Background	66.659	0	0	0
11	A04	Background	66.659	0	0	0
11	A05	Background	66.659	0	0	0
11	A06	Background	66.659	0	0	0
11	A07	Background	66.659	0	0	0
11	A08	Background	66.659	0	0	0
11	A09	Background	66.659	0	0	0
11	A10	Background	66.659	0	0	0
11	A11	Background	66.659	0	0	0
11	A12	Background	66.659	0	0	0
11	B01	c1 1/2	66.659	320,252.01	240,144.26	427,072.54
11	B02	c1 1/2	66.659	267,910.26	194,368.31	345,664.60
11	B03	c1 1/2	66.659	280,473.33	181,282.27	322,392.39
11	B04	c1 1/2	66.659	339,764.53	226,085.93	402,071.22
11	B05	c1 1/2	66.659	307,772.82	205,604.92	365,647.79
11	B06	c1 1/2	66.659	293,655.45	208,663.65	371,087.44
11	B07	c1 4/5	66.659	259,718.49	161,803.51	287,751.36
11	B08	c1 4/5	66.659	286,155.22	213,202.49	379,159.32
11	B09	c1 4/5	66.659	300,883.48	202,282.79	359,739.71
11	B10	c1 4/5	66.659	282,673.71	195,637.17	347,921.14
11	B11	c1 4/5	66.659	297,016.03	240,018.91	426,849.62
11	B12	c1 4/5	66.659	305,096.29	237,706.55	422,737.33
11	C01	c3 1/2	66.659	238,264.57	145,434.87	258,641.37
11	C02	c3 1/2	66.659	264,031.07	187,143.14	332,815.37
11	C03	c3 1/2	66.659	355,376.92	158,024.16	281,030.16
11	C04	c3 1/2	66.659	311,408.66	166,636.40	296,346.17
11	C05	c3 1/2	66.659	295,015.07	164,285.47	292,165.29
11	C06	c3 1/2	66.659	265,635.28	184,425.14	327,981.66
11	C07	c3 4/5	66.659	307,921.14	154,665.68	275,057.44
11	C08	c3 4/5	66.659	241,371.34	165,542.83	294,401.36
11	C09	c3 4/5	66.659	304,335.15	156,122.70	277,648.61
11	C10	c3 4/5	66.659	298,982.75	178,790.30	317,960.67
11	C11	c3 4/5	66.659	290,511.08	162,398.72	288,809.89
11	C12	c3 4/5	66.659	255,758.84	155,395.98	276,356.22
11	D01	c2 1/2	66.659	250,230.98	131,103.23	233,153.99
11	D02	c2 1/2	66.659	310,677.91	155,680.91	276,862.93
11	D03	c2 1/2	66.659	295,452.47	156,609.46	278,514.26
11	D04	c2 1/2	66.659	316,380.42	154,498.41	274,759.98
11	D05	c2 1/2	66.659	310,643.74	152,866.31	271,857.45
11	D06	c2 1/2	66.659	292,258.59	147,561.26	262,422.95
11	D07	c2 4/5	66.659	286,847.02	84,393.82	150,085.97
11	D08	c2 4/5	66.659	271,678.57	120,056.14	213,507.83
11	D09	c2 4/5	66.659	262,158.02	136,183.29	242,188.37
11	D10	c2 4/5	66.659	269,538.36	138,857.32	246,943.87
11	D11	c2 4/5	66.659	259,376.99	143,664.69	255,493.29
11	D12	c2 4/5	66.659	203,537.25	94,275.38	167,659.34
11	E01	p6.II.1 1/2	66.659	149,099.81	156,173.99	277,739.82
11	E02	p6.II.1 1/2	66.659	196,663.49	177,228.92	315,183.91
11	E03	p6.II.1 1/2	66.659	170,857.04	139,220.35	247,589.47
11	E04	p6.II.1 1/2	66.659	204,804.62	187,548.96	333,537.07
11	E05	p6.II.1 1/2	66.659	200,905.72	184,177.33	327,540.97
11	E06	p6.II.1 1/2	66.659	197,816.36	178,296.55	317,082.59
11	E07	p6.II.1 4/5	66.659	189,929.30	161,270.00	286,802.56
11	E08	p6.II.1 4/5	66.659	202,929.72	193,968.06	344,952.79
11	E09	p6.II.1 4/5	66.659	182,545.40	178,504.79	317,452.92
11	E10	p6.II.1 4/5	66.659	199,218.78	185,520.47	329,929.61
11	E11	p6.II.1 4/5	66.659	206,762.72	241,312.07	429,149.38
11	E12	p6.II.1 4/5	66.659	150,101.28	168,216.30	299,155.87
11	F01	p6.I.2 1/2	66.659	102,357.87	104,294.01	185,476.48
11	F02	p6.I.2 1/2	66.659	93,957.21	97,812.41	173,949.59
11	F03	p6.I.2 1/2	66.659	89,325.56	83,348.21	148,226.46
11	F04	p6.I.2 1/2	66.659	96,342.87	100,410.59	178,570.20
11	F05	p6.I.2 1/2	66.659	93,771.09	85,879.57	152,728.22
11	F06	p6.I.2 1/2	66.659	93,511.54	89,062.83	158,389.34
11	F07	p6.I.2 4/5	66.659	94,606.06	88,052.53	156,592.62
11	F08	p6.I.2 4/5	66.659	88,136.48	81,241.71	144,480.25
11	F09	p6.I.2 4/5	66.659	102,594.75	104,621.90	186,059.58
11	F10	p6.I.2 4/5	66.659	92,716.88	87,395.84	155,424.76
11	F11	p6.I.2 4/5	66.659	91,049.42	90,686.88	161,277.55
11	F12	p6.I.2 4/5	66.659	78,754.42	71,945.75	127,948.32
11	H01	Background	66.659	0	0	0
11	H02	Background	66.659	0	0	0
11	H03	Background	66.659	0	0	0
11	H04	Background	66.659	0	0	0
11	H05	Background	66.659	0	0	0
11	H06	Background	66.659	0	0	0
11	H07	Background	66.659	0	0	0
11	H08	Background	66.659	0	0	0
11	H09	Background	66.659	0	0	0
11	H10	Background	66.659	0	0	0
11	H11	Background	66.659	0	0	0
11	H12	Background	66.659	0	0	0
12	A01	Background	73.183	0	0	0
12	A02	Background	73.183	0	0	0
12	A03	Background	73.183	0	0	0
12	A04	Background	73.183	0	0	0
12	A05	Background	73.183	0	0	0
12	A06	Background	73.183	0	0	0
12	A07	Background	73.183	0	0	0
12	A08	Background	73.183	0	0	0
12	A09	Background	73.183	0	0	0
12	A10	Background	73.183	0	0	0
12	A11	Background	73.183	0	0	0
12	A12	Background	73.183	0	0	0
12	B01	c1 1/2	73.183	323,249.90	239,291.71	425,556.37
12	B02	c1 1/2	73.183	271,366.26	193,781.88	344,621.70
12	B03	c1 1/2	73.183	276,219.91	184,447.26	328,021.00
12	B04	c1 1/2	73.183	342,166.24	226,791.85	403,326.63
12	B05	c1 1/2	73.183	306,681.90	202,529.58	360,178.60
12	B06	c1 1/2	73.183	297,182.84	212,463.71	377,845.46
12	B07	c1 4/5	73.183	268,237.19	155,700.59	276,897.93
12	B08	c1 4/5	73.183	287,163.56	205,898.16	366,169.29
12	B09	c1 4/5	73.183	301,804.77	200,406.60	356,403.10
12	B10	c1 4/5	73.183	283,548.43	198,587.95	353,168.81
12	B11	c1 4/5	73.183	298,883.86	232,988.57	414,346.88
12	B12	c1 4/5	73.183	300,487.40	241,890.64	430,178.31
12	C01	c3 1/2	73.183	240,784.62	149,326.82	265,562.81
12	C02	c3 1/2	73.183	275,471.62	184,048.11	327,311.15
12	C03	c3 1/2	73.183	353,986.80	156,574.43	278,451.98
12	C04	c3 1/2	73.183	316,880.12	165,999.51	295,213.53
12	C05	c3 1/2	73.183	298,460.10	159,777.51	284,148.32
12	C06	c3 1/2	73.183	271,341.73	177,464.74	315,603.29
12	C07	c3 4/5	73.183	319,700.42	147,593.59	262,480.43
12	C08	c3 4/5	73.183	244,085.37	163,890.50	291,462.86
12	C09	c3 4/5	73.183	307,168.16	155,683.66	276,867.82
12	C10	c3 4/5	73.183	302,426.20	174,367.15	310,094.54
12	C11	c3 4/5	73.183	297,477.01	162,392.07	288,798.05
12	C12	c3 4/5	73.183	258,110.80	157,095.55	279,378.73
12	D01	c2 1/2	73.183	248,726.15	133,853.49	238,045.04
12	D02	c2 1/2	73.183	306,495.46	152,553.59	271,301.31
12	D03	c2 1/2	73.183	302,676.24	156,362.27	278,074.67
12	D04	c2 1/2	73.183	314,078.28	149,795.17	266,395.74
12	D05	c2 1/2	73.183	309,322.68	150,717.60	268,036.18
12	D06	c2 1/2	73.183	289,506.04	142,876.31	254,091.23
12	D07	c2 4/5	73.183	287,588.89	81,196.69	144,400.20
12	D08	c2 4/5	73.183	265,899.52	117,970.76	209,799.20
12	D09	c2 4/5	73.183	260,745.98	132,892.59	236,336.18
12	D10	c2 4/5	73.183	268,544.14	136,157.58	242,142.64
12	D11	c2 4/5	73.183	259,924.18	136,637.92	242,996.88
12	D12	c2 4/5	73.183	200,035.11	96,290.86	171,243.67
12	E01	p6.II.1 1/2	73.183	146,595.46	154,148.07	274,136.93
12	E02	p6.II.1 1/2	73.183	192,150.52	171,891.54	305,691.91
12	E03	p6.II.1 1/2	73.183	172,537.07	139,311.87	247,752.23
12	E04	p6.II.1 1/2	73.183	203,217.04	178,705.56	317,809.97
12	E05	p6.II.1 1/2	73.183	194,122.01	174,579.72	310,472.57
12	E06	p6.II.1 1/2	73.183	192,698.29	167,415.44	297,731.62
12	E07	p6.II.1 4/5	73.183	187,693.55	149,193.34	265,325.44
12	E08	p6.II.1 4/5	73.183	199,225.35	182,245.92	324,106.14
12	E09	p6.II.1 4/5	73.183	179,396.59	172,914.00	307,510.26
12	E10	p6.II.1 4/5	73.183	198,391.83	179,756.82	319,679.52
12	E11	p6.II.1 4/5	73.183	203,287.31	232,872.77	414,140.93
12	E12	p6.II.1 4/5	73.183	150,825.21	165,864.92	294,974.17
12	F01	p6.I.2 1/2	73.183	100,882.33	100,553.16	178,823.74
12	F02	p6.I.2 1/2	73.183	96,420.57	94,428.20	167,931.10
12	F03	p6.I.2 1/2	73.183	88,512.33	82,385.20	146,513.84
12	F04	p6.I.2 1/2	73.183	95,824.79	95,474.50	169,791.85
12	F05	p6.I.2 1/2	73.183	92,789.76	85,252.92	151,613.79
12	F06	p6.I.2 1/2	73.183	91,864.21	85,563.93	152,166.90
12	F07	p6.I.2 4/5	73.183	94,835.81	84,815.69	150,836.23
12	F08	p6.I.2 4/5	73.183	86,441.22	78,480.31	139,569.39
12	F09	p6.I.2 4/5	73.183	100,223.15	95,435.24	169,722.03
12	F10	p6.I.2 4/5	73.183	91,646.78	85,483.18	152,023.28
12	F11	p6.I.2 4/5	73.183	90,233.81	86,998.49	154,718.12
12	F12	p6.I.2 4/5	73.183	76,066.44	69,963.76	124,423.54
12	H01	Background	73.183	0	0	0
12	H02	Background	73.183	0	0	0
12	H03	Background	73.183	0	0	0
12	H04	Background	73.183	0	0	0
12	H05	Background	73.183	0	0	0
12	H06	Background	73.183	0	0	0
12	H07	Background	73.183	0	0	0
12	H08	Background	73.183	0	0	0
12	H09	Background	73.183	0	0	0
12	H10	Background	73.183	0	0	0
12	H11	Background	73.183	0	0	0
12	H12	Background	73.183	0	0	0
13	A01	Background	79.691	0	0	0
13	A02	Background	79.691	0	0	0
13	A03	Background	79.691	0	0	0
13	A04	Background	79.691	0	0	0
13	A05	Background	79.691	0	0	0
13	A06	Background	79.691	0	0	0
13	A07	Background	79.691	0	0	0
13	A08	Background	79.691	0	0	0
13	A09	Background	79.691	0	0	0
13	A10	Background	79.691	0	0	0
13	A11	Background	79.691	0	0	0
13	A12	Background	79.691	0	0	0
13	B01	c1 1/2	79.691	321,055.39	236,587.39	420,747.01
13	B02	c1 1/2	79.691	266,526.46	194,751.96	346,346.88
13	B03	c1 1/2	79.691	263,719.94	185,268.75	329,481.95
13	B04	c1 1/2	79.691	337,654.09	229,143.53	407,508.84
13	B05	c1 1/2	79.691	298,101.12	201,382.48	358,138.60
13	B06	c1 1/2	79.691	293,579.45	215,341.20	382,962.80
13	B07	c1 4/5	79.691	270,049.10	156,930.25	279,084.76
13	B08	c1 4/5	79.691	283,845.73	206,316.02	366,912.42
13	B09	c1 4/5	79.691	299,944.88	205,322.42	365,145.39
13	B10	c1 4/5	79.691	283,361.66	201,538.66	358,416.36
13	B11	c1 4/5	79.691	293,470.14	241,366.91	429,246.91
13	B12	c1 4/5	79.691	296,245.70	240,618.08	427,915.19
13	C01	c3 1/2	79.691	246,456.22	149,792.04	266,390.16
13	C02	c3 1/2	79.691	281,113.31	185,545.23	329,973.64
13	C03	c3 1/2	79.691	358,110.99	155,796.98	277,069.36
13	C04	c3 1/2	79.691	320,857.15	169,020.65	300,586.32
13	C05	c3 1/2	79.691	301,494.01	157,560.98	280,206.44
13	C06	c3 1/2	79.691	276,285.77	180,304.03	320,652.69
13	C07	c3 4/5	79.691	321,624.81	147,527.84	262,363.51
13	C08	c3 4/5	79.691	250,120.13	164,492.80	292,534.00
13	C09	c3 4/5	79.691	307,052.49	158,149.18	281,252.49
13	C10	c3 4/5	79.691	308,610.83	175,075.20	311,353.74
13	C11	c3 4/5	79.691	292,376.46	162,271.18	288,583.06
13	C12	c3 4/5	79.691	269,216.02	158,331.47	281,576.69
13	D01	c2 1/2	79.691	251,459.66	139,351.99	247,823.57
13	D02	c2 1/2	79.691	311,079.73	152,025.61	270,362.35
13	D03	c2 1/2	79.691	312,273.18	158,926.92	282,635.64
13	D04	c2 1/2	79.691	312,364.26	151,350.89	269,162.42
13	D05	c2 1/2	79.691	308,912.39	152,432.47	271,085.91
13	D06	c2 1/2	79.691	287,510.93	141,107.60	250,945.76
13	D07	c2 4/5	79.691	287,793.04	81,722.54	145,335.37
13	D08	c2 4/5	79.691	261,151.15	118,452.69	210,656.26
13	D09	c2 4/5	79.691	257,800.49	132,252.57	235,197.97
13	D10	c2 4/5	79.691	266,220.82	137,863.71	245,176.82
13	D11	c2 4/5	79.691	261,600.59	137,026.27	243,687.51
13	D12	c2 4/5	79.691	198,256.90	98,891.23	175,868.16
13	E01	p6.II.1 1/2	79.691	145,566.95	161,349.37	286,943.73
13	E02	p6.II.1 1/2	79.691	188,003.32	172,566.22	306,891.76
13	E03	p6.II.1 1/2	79.691	167,543.72	137,557.95	244,633.06
13	E04	p6.II.1 1/2	79.691	192,283.51	177,194.92	315,123.44
13	E05	p6.II.1 1/2	79.691	185,412.31	173,898.21	309,260.57
13	E06	p6.II.1 1/2	79.691	184,805.34	164,666.84	292,843.51
13	E07	p6.II.1 4/5	79.691	186,267.19	148,034.66	263,264.85
13	E08	p6.II.1 4/5	79.691	192,959.73	176,639.72	314,136.08
13	E09	p6.II.1 4/5	79.691	172,459.11	171,658.55	305,277.56
13	E10	p6.II.1 4/5	79.691	193,805.68	179,781.69	319,723.77
13	E11	p6.II.1 4/5	79.691	196,346.27	230,717.86	410,308.63
13	E12	p6.II.1 4/5	79.691	150,505.43	167,233.46	297,407.99
13	F01	p6.I.2 1/2	79.691	97,661.31	99,468.16	176,894.18
13	F02	p6.I.2 1/2	79.691	93,942.12	92,545.83	164,583.50
13	F03	p6.I.2 1/2	79.691	85,494.03	81,294.78	144,574.64
13	F04	p6.I.2 1/2	79.691	93,794.77	94,355.13	167,801.16
13	F05	p6.I.2 1/2	79.691	89,504.14	84,417.73	150,128.50
13	F06	p6.I.2 1/2	79.691	88,986.98	84,514.50	150,300.59
13	F07	p6.I.2 4/5	79.691	92,320.32	84,968.04	151,107.16
13	F08	p6.I.2 4/5	79.691	83,894.13	77,224.48	137,336.01
13	F09	p6.I.2 4/5	79.691	97,198.30	93,698.87	166,634.07
13	F10	p6.I.2 4/5	79.691	89,233.32	85,373.53	151,828.29
13	F11	p6.I.2 4/5	79.691	87,577.63	87,066.07	154,838.30
13	F12	p6.I.2 4/5	79.691	74,209.32	70,285.11	124,995.03
13	H01	Background	79.691	0	0	0
13	H02	Background	79.691	0	0	0
13	H03	Background	79.691	0	0	0
13	H04	Background	79.691	0	0	0
13	H05	Background	79.691	0	0	0
13	H06	Background	79.691	0	0	0
13	H07	Background	79.691	0	0	0
13	H08	Background	79.691	0	0	0
13	H09	Background	79.691	0	0	0
13	H10	Background	79.691	0	0	0
13	H11	Background	79.691	0	0	0
13	H12	Background	79.691	0	0	0
14	A01	Background	86.332	0	0	0
14	A02	Background	86.332	0	0	0
14	A03	Background	86.332	0	0	0
14	A04	Background	86.332	0	0	0
14	A05	Background	86.332	0	0	0
14	A06	Background	86.332	0	0	0
14	A07	Background	86.332	0	0	0
14	A08	Background	86.332	0	0	0
14	A09	Background	86.332	0	0	0
14	A10	Background	86.332	0	0	0
14	A11	Background	86.332	0	0	0
14	A12	Background	86.332	0	0	0
14	B01	c1 1/2	86.332	75,255.14	219,838.74	390,961.21
14	B02	c1 1/2	86.332	45,855.83	183,224.67	325,846.76
14	B03	c1 1/2	86.332	50,132.58	176,704.82	314,251.85
14	B04	c1 1/2	86.332	55,571.13	218,154.79	387,966.47
14	B05	c1 1/2	86.332	44,755.03	199,913.31	355,525.83
14	B06	c1 1/2	86.332	45,374.85	204,753.71	364,134.00
14	B07	c1 4/5	86.332	44,744.54	154,899.21	275,472.75
14	B08	c1 4/5	86.332	43,021.71	198,764.05	353,481.99
14	B09	c1 4/5	86.332	55,719.23	190,280.82	338,395.41
14	B10	c1 4/5	86.332	37,497.32	188,929.36	335,991.98
14	B11	c1 4/5	86.332	39,421.09	225,280.75	400,639.28
14	B12	c1 4/5	86.332	40,678.43	224,776.99	399,743.40
14	C01	c3 1/2	86.332	15,922.72	127,201.47	226,215.10
14	C02	c3 1/2	86.332	56,951.62	166,678.98	296,421.89
14	C03	c3 1/2	86.332	119,454.14	136,830.85	243,339.98
14	C04	c3 1/2	86.332	72,673.98	148,188.47	263,538.37
14	C05	c3 1/2	86.332	53,627.98	140,094.24	249,143.60
14	C06	c3 1/2	86.332	50,910.70	167,442.49	297,779.73
14	C07	c3 4/5	86.332	77,808.28	134,710.27	239,568.74
14	C08	c3 4/5	86.332	59,580.12	151,923.78	270,181.26
14	C09	c3 4/5	86.332	89,372.96	137,368.54	244,296.20
14	C10	c3 4/5	86.332	62,296.74	156,788.61	278,832.86
14	C11	c3 4/5	86.332	51,709.90	139,626.39	248,311.58
14	C12	c3 4/5	86.332	48,318.59	147,943.52	263,102.75
14	D01	c2 1/2	86.332	37,235.13	114,805.03	204,169.26
14	D02	c2 1/2	86.332	37,826.06	128,760.94	228,988.46
14	D03	c2 1/2	86.332	44,700.36	130,523.09	232,122.26
14	D04	c2 1/2	86.332	52,273.65	125,818.64	223,755.87
14	D05	c2 1/2	86.332	55,058.73	125,769.80	223,669.02
14	D06	c2 1/2	86.332	43,558.79	117,303.76	208,613.00
14	D07	c2 4/5	86.332	43,498.94	68,538.00	121,887.97
14	D08	c2 4/5	86.332	40,172.53	97,766.31	173,867.61
14	D09	c2 4/5	86.332	36,950.73	109,844.64	195,347.71
14	D10	c2 4/5	86.332	39,348.47	114,480.93	203,592.89
14	D11	c2 4/5	86.332	49,141.20	117,716.78	209,347.52
14	D12	c2 4/5	86.332	32,417.39	80,988.76	144,030.41
14	E01	p6.II.1 1/2	86.332	26,197.99	145,558.46	258,861.16
14	E02	p6.II.1 1/2	86.332	37,190.75	172,947.79	307,570.34
14	E03	p6.II.1 1/2	86.332	44,515.75	135,603.26	241,156.84
14	E04	p6.II.1 1/2	86.332	32,903.42	179,634.30	319,461.64
14	E05	p6.II.1 1/2	86.332	31,272.43	173,817.91	309,117.77
14	E06	p6.II.1 1/2	86.332	29,980.64	166,743.44	296,536.53
14	E07	p6.II.1 4/5	86.332	25,939.35	151,058.59	268,642.60
14	E08	p6.II.1 4/5	86.332	38,416.88	184,209.90	327,598.88
14	E09	p6.II.1 4/5	86.332	23,272.49	171,358.03	304,743.12
14	E10	p6.II.1 4/5	86.332	32,576.87	177,668.49	315,965.65
14	E11	p6.II.1 4/5	86.332	31,081.10	230,623.53	410,140.89
14	E12	p6.II.1 4/5	86.332	28,054.25	161,030.25	286,376.20
14	F01	p6.I.2 1/2	86.332	22,520.14	97,538.76	173,462.93
14	F02	p6.I.2 1/2	86.332	19,177.53	90,162.40	160,344.82
14	F03	p6.I.2 1/2	86.332	17,763.57	81,948.91	145,737.95
14	F04	p6.I.2 1/2	86.332	17,442.87	95,488.20	169,816.22
14	F05	p6.I.2 1/2	86.332	23,734.45	81,220.58	144,442.67
14	F06	p6.I.2 1/2	86.332	19,161.73	83,291.47	148,125.55
14	F07	p6.I.2 4/5	86.332	19,254.86	82,193.15	146,172.29
14	F08	p6.I.2 4/5	86.332	20,047.70	76,476.91	136,006.54
14	F09	p6.I.2 4/5	86.332	17,351.14	94,980.12	168,912.65
14	F10	p6.I.2 4/5	86.332	20,283.81	83,998.59	149,383.10
14	F11	p6.I.2 4/5	86.332	18,727.05	85,842.81	152,662.85
14	F12	p6.I.2 4/5	86.332	14,518.58	66,438.04	118,153.41
14	H01	Background	86.332	0	0	0
14	H02	Background	86.332	0	0	0
14	H03	Background	86.332	0	0	0
14	H04	Background	86.332	0	0	0
14	H05	Background	86.332	0	0	0
14	H06	Background	86.332	0	0	0
14	H07	Background	86.332	0	0	0
14	H08	Background	86.332	0	0	0
14	H09	Background	86.332	0	0	0
14	H10	Background	86.332	0	0	0
14	H11	Background	86.332	0	0	0
14	H12	Background	86.332	0	0	0
15	A01	Background	92.843	0	0	0
15	A02	Background	92.843	0	0	0
15	A03	Background	92.843	0	0	0
15	A04	Background	92.843	0	0	0
15	A05	Background	92.843	0	0	0
15	A06	Background	92.843	0	0	0
15	A07	Background	92.843	0	0	0
15	A08	Background	92.843	0	0	0
15	A09	Background	92.843	0	0	0
15	A10	Background	92.843	0	0	0
15	A11	Background	92.843	0	0	0
15	A12	Background	92.843	0	0	0
15	B01	c1 1/2	92.843	74,272.79	213,909.65	380,416.92
15	B02	c1 1/2	92.843	44,036.14	179,632.78	319,458.94
15	B03	c1 1/2	92.843	47,125.59	172,215.16	306,267.44
15	B04	c1 1/2	92.843	57,391.59	214,168.64	380,877.51
15	B05	c1 1/2	92.843	43,424.45	194,139.71	345,258.05
15	B06	c1 1/2	92.843	45,453.28	200,991.39	357,443.09
15	B07	c1 4/5	92.843	44,793.38	147,902.42	263,029.67
15	B08	c1 4/5	92.843	41,101.53	188,402.29	335,054.63
15	B09	c1 4/5	92.843	56,586.29	186,889.42	332,364.14
15	B10	c1 4/5	92.843	38,884.48	185,106.73	329,193.82
15	B11	c1 4/5	92.843	39,682.70	217,683.24	387,127.87
15	B12	c1 4/5	92.843	41,550.16	215,630.42	383,477.14
15	C01	c3 1/2	92.843	14,961.33	122,577.93	217,992.59
15	C02	c3 1/2	92.843	55,706.52	157,914.83	280,835.74
15	C03	c3 1/2	92.843	123,564.30	129,551.56	230,394.50
15	C04	c3 1/2	92.843	74,220.74	140,203.92	249,338.66
15	C05	c3 1/2	92.843	55,533.97	130,347.64	231,810.24
15	C06	c3 1/2	92.843	49,265.29	154,294.92	274,398.08
15	C07	c3 4/5	92.843	84,611.17	120,129.89	213,638.99
15	C08	c3 4/5	92.843	57,762.47	142,594.63	253,590.30
15	C09	c3 4/5	92.843	88,848.53	128,423.62	228,388.57
15	C10	c3 4/5	92.843	59,808.00	147,518.19	262,346.34
15	C11	c3 4/5	92.843	50,508.20	130,497.64	232,077.01
15	C12	c3 4/5	92.843	44,588.82	134,835.62	239,791.67
15	D01	c2 1/2	92.843	36,142.57	111,852.57	198,918.61
15	D02	c2 1/2	92.843	38,142.91	123,189.01	219,079.34
15	D03	c2 1/2	92.843	47,370.94	129,049.30	229,501.28
15	D04	c2 1/2	92.843	52,532.10	122,089.13	217,123.31
15	D05	c2 1/2	92.843	55,777.71	122,810.61	218,406.39
15	D06	c2 1/2	92.843	44,649.75	113,603.61	202,032.65
15	D07	c2 4/5	92.843	44,539.49	64,858.69	115,344.69
15	D08	c2 4/5	92.843	39,433.38	92,278.37	164,107.85
15	D09	c2 4/5	92.843	36,919.59	105,391.51	187,428.26
15	D10	c2 4/5	92.843	41,145.02	109,484.97	194,708.07
15	D11	c2 4/5	92.843	51,606.82	113,278.19	201,453.94
15	D12	c2 4/5	92.843	33,609.29	80,478.15	143,122.35
15	E01	p6.II.1 1/2	92.843	26,008.45	146,054.33	259,743.02
15	E02	p6.II.1 1/2	92.843	37,269.13	165,949.31	295,124.26
15	E03	p6.II.1 1/2	92.843	44,368.85	133,303.35	237,066.68
15	E04	p6.II.1 1/2	92.843	34,345.99	171,511.36	305,015.80
15	E05	p6.II.1 1/2	92.843	31,420.82	165,784.72	294,831.55
15	E06	p6.II.1 1/2	92.843	32,580.22	161,388.27	287,012.89
15	E07	p6.II.1 4/5	92.843	26,011.73	143,231.24	254,722.44
15	E08	p6.II.1 4/5	92.843	37,089.19	170,018.72	302,361.29
15	E09	p6.II.1 4/5	92.843	25,201.59	166,915.60	296,842.70
15	E10	p6.II.1 4/5	92.843	31,003.61	170,736.97	303,638.63
15	E11	p6.II.1 4/5	92.843	29,246.05	220,807.99	392,684.93
15	E12	p6.II.1 4/5	92.843	26,757.22	152,594.17	271,373.47
15	F01	p6.I.2 1/2	92.843	20,200.62	92,934.66	165,274.99
15	F02	p6.I.2 1/2	92.843	19,640.64	87,363.75	155,367.68
15	F03	p6.I.2 1/2	92.843	18,163.91	81,168.16	144,349.45
15	F04	p6.I.2 1/2	92.843	18,664.75	92,650.07	164,768.88
15	F05	p6.I.2 1/2	92.843	24,088.44	80,655.51	143,437.77
15	F06	p6.I.2 1/2	92.843	18,920.43	82,208.58	146,199.73
15	F07	p6.I.2 4/5	92.843	19,872.94	80,485.47	143,135.36
15	F08	p6.I.2 4/5	92.843	18,789.45	75,674.95	134,580.33
15	F09	p6.I.2 4/5	92.843	19,121.39	90,560.21	161,052.29
15	F10	p6.I.2 4/5	92.843	20,207.03	81,400.34	144,762.37
15	F11	p6.I.2 4/5	92.843	19,501.43	84,144.97	149,643.42
15	F12	p6.I.2 4/5	92.843	14,676.29	64,150.16	114,084.65
15	H01	Background	92.843	0	0	0
15	H02	Background	92.843	0	0	0
15	H03	Background	92.843	0	0	0
15	H04	Background	92.843	0	0	0
15	H05	Background	92.843	0	0	0
15	H06	Background	92.843	0	0	0
15	H07	Background	92.843	0	0	0
15	H08	Background	92.843	0	0	0
15	H09	Background	92.843	0	0	0
15	H10	Background	92.843	0	0	0
15	H11	Background	92.843	0	0	0
15	H12	Background	92.843	0	0	0
16	A01	Background	99.33	0	0	0
16	A02	Background	99.33	0	0	0
16	A03	Background	99.33	0	0	0
16	A04	Background	99.33	0	0	0
16	A05	Background	99.33	0	0	0
16	A06	Background	99.33	0	0	0
16	A07	Background	99.33	0	0	0
16	A08	Background	99.33	0	0	0
16	A09	Background	99.33	0	0	0
16	A10	Background	99.33	0	0	0
16	A11	Background	99.33	0	0	0
16	A12	Background	99.33	0	0	0
16	B01	c1 1/2	99.33	70,734.21	212,615.34	378,115.12
16	B02	c1 1/2	99.33	40,920.60	180,627.82	321,228.51
16	B03	c1 1/2	99.33	45,988.14	173,383.52	308,345.25
16	B04	c1 1/2	99.33	55,878.10	214,890.12	382,160.59
16	B05	c1 1/2	99.33	41,695.82	196,684.88	349,784.40
16	B06	c1 1/2	99.33	43,981.82	199,923.22	355,543.46
16	B07	c1 4/5	99.33	43,161.14	149,563.49	265,983.71
16	B08	c1 4/5	99.33	41,807.84	190,521.22	338,822.94
16	B09	c1 4/5	99.33	53,368.87	186,780.34	332,170.15
16	B10	c1 4/5	99.33	39,116.19	184,366.15	327,876.77
16	B11	c1 4/5	99.33	36,907.58	217,524.80	386,846.10
16	B12	c1 4/5	99.33	41,078.49	215,402.42	383,071.65
16	C01	c3 1/2	99.33	9,389.01	121,393.60	215,886.39
16	C02	c3 1/2	99.33	57,271.70	156,773.36	278,805.74
16	C03	c3 1/2	99.33	119,479.24	127,793.72	227,268.35
16	C04	c3 1/2	99.33	72,281.46	139,982.94	248,945.65
16	C05	c3 1/2	99.33	54,649.45	130,574.87	232,214.35
16	C06	c3 1/2	99.33	51,331.06	153,785.73	273,492.55
16	C07	c3 4/5	99.33	83,721.36	117,172.98	208,380.43
16	C08	c3 4/5	99.33	56,709.16	141,084.53	250,904.73
16	C09	c3 4/5	99.33	87,899.99	129,312.57	229,969.48
16	C10	c3 4/5	99.33	65,455.93	146,776.41	261,027.16
16	C11	c3 4/5	99.33	45,263.82	128,889.51	229,217.11
16	C12	c3 4/5	99.33	45,563.79	136,647.21	243,013.40
16	D01	c2 1/2	99.33	38,922.84	116,290.80	206,811.56
16	D02	c2 1/2	99.33	37,568.45	123,681.61	219,955.37
16	D03	c2 1/2	99.33	46,237.42	131,972.60	234,700.07
16	D04	c2 1/2	99.33	53,203.15	123,318.28	219,309.23
16	D05	c2 1/2	99.33	54,258.65	123,591.36	219,794.88
16	D06	c2 1/2	99.33	43,323.92	114,241.92	203,167.84
16	D07	c2 4/5	99.33	45,564.38	65,779.54	116,982.34
16	D08	c2 4/5	99.33	37,896.40	93,331.39	165,980.55
16	D09	c2 4/5	99.33	36,073.56	105,761.40	188,086.07
16	D10	c2 4/5	99.33	38,975.40	109,805.89	195,278.79
16	D11	c2 4/5	99.33	51,062.17	113,954.43	202,656.56
16	D12	c2 4/5	99.33	32,801.52	80,333.60	142,865.28
16	E01	p6.II.1 1/2	99.33	25,234.95	146,189.79	259,983.93
16	E02	p6.II.1 1/2	99.33	35,993.02	163,847.78	291,386.90
16	E03	p6.II.1 1/2	99.33	41,081.36	132,170.40	235,051.85
16	E04	p6.II.1 1/2	99.33	34,472.16	170,804.08	303,757.98
16	E05	p6.II.1 1/2	99.33	31,666.49	164,306.15	292,202.05
16	E06	p6.II.1 1/2	99.33	30,028.58	161,998.40	288,097.96
16	E07	p6.II.1 4/5	99.33	27,174.35	143,364.17	254,958.83
16	E08	p6.II.1 4/5	99.33	36,922.39	169,944.71	302,229.67
16	E09	p6.II.1 4/5	99.33	25,054.27	166,104.57	295,400.36
16	E10	p6.II.1 4/5	99.33	31,186.81	172,047.52	305,969.31
16	E11	p6.II.1 4/5	99.33	31,541.04	224,391.42	399,057.70
16	E12	p6.II.1 4/5	99.33	26,461.37	158,528.70	281,927.43
16	F01	p6.I.2 1/2	99.33	19,081.38	95,644.28	170,093.78
16	F02	p6.I.2 1/2	99.33	18,891.72	87,586.30	155,763.48
16	F03	p6.I.2 1/2	99.33	17,399.01	81,817.36	145,503.99
16	F04	p6.I.2 1/2	99.33	19,098.34	92,355.16	164,244.42
16	F05	p6.I.2 1/2	99.33	23,937.20	81,384.93	144,734.96
16	F06	p6.I.2 1/2	99.33	18,678.43	82,257.49	146,286.73
16	F07	p6.I.2 4/5	99.33	19,277.70	80,409.11	142,999.56
16	F08	p6.I.2 4/5	99.33	17,369.07	76,658.29	136,329.10
16	F09	p6.I.2 4/5	99.33	17,799.45	90,399.20	160,765.94
16	F10	p6.I.2 4/5	99.33	19,654.40	81,845.04	145,553.22
16	F11	p6.I.2 4/5	99.33	19,785.00	84,259.55	149,847.19
16	F12	p6.I.2 4/5	99.33	14,859.27	68,051.54	121,022.86
16	H01	Background	99.33	0	0	0
16	H02	Background	99.33	0	0	0
16	H03	Background	99.33	0	0	0
16	H04	Background	99.33	0	0	0
16	H05	Background	99.33	0	0	0
16	H06	Background	99.33	0	0	0
16	H07	Background	99.33	0	0	0
16	H08	Background	99.33	0	0	0
16	H09	Background	99.33	0	0	0
16	H10	Background	99.33	0	0	0
16	H11	Background	99.33	0	0	0
16	H12	Background	99.33	0	0	0
