time	well1	fibro_id	time_exact	ocr	ecar	ppr
1	A01	Background	1.3065	0	0	0
1	A02	Background	1.3065	0	0	0
1	A03	Background	1.3065	0	0	0
1	A04	Background	1.3065	0	0	0
1	A05	Background	1.3065	0	0	0
1	A06	Background	1.3065	0	0	0
1	A07	Background	1.3065	0	0	0
1	A08	Background	1.3065	0	0	0
1	A09	Background	1.3065	0	0	0
1	A10	Background	1.3065	0	0	0
1	A11	Background	1.3065	0	0	0
1	A12	Background	1.3065	0	0	0
1	B01	c1 3/4	1.3065	114,911.60	86,399.33	153,652.57
1	B02	c1 3/4	1.3065	73,012.59	98,355.06	174,914.64
1	B03	c1 3/4	1.3065	126,904.15	102,683.91	182,613.06
1	B04	c1 3/4	1.3065	122,817.09	120,272.08	213,891.87
1	B05	c1 3/4	1.3065	125,698.35	88,879.86	158,063.95
1	B06	c1 3/4	1.3065	121,450.37	106,945.89	190,192.57
1	B07	c1 5/6	1.3065	116,131.78	103,182.61	183,499.96
1	B08	c1 5/6	1.3065	122,103.74	119,253.28	212,080.04
1	B09	c1 5/6	1.3065	116,107.94	103,947.78	184,860.73
1	B10	c1 5/6	1.3065	118,073.36	106,678.11	189,716.36
1	B11	c1 5/6	1.3065	109,309.13	102,888.07	182,976.15
1	B12	c1 5/6	1.3065	107,088.94	95,198.26	169,300.59
1	C01	c3 3/4	1.3065	127,690.48	106,144.85	188,767.99
1	C02	c3 3/4	1.3065	161,295.39	146,104.77	259,832.72
1	C03	c3 3/4	1.3065	161,622.33	126,014.52	224,104.22
1	C04	c3 3/4	1.3065	170,156.47	115,753.75	205,856.46
1	C05	c3 3/4	1.3065	173,670.25	136,251.29	242,309.29
1	C06	c3 3/4	1.3065	161,867.22	151,645.89	269,687.04
1	C07	c3 5/6	1.3065	161,607.88	126,662.32	225,256.28
1	C08	c3 5/6	1.3065	154,857.77	146,023.91	259,688.92
1	C09	c3 5/6	1.3065	142,722.08	103,927.43	184,824.54
1	C10	c3 5/6	1.3065	154,154.40	129,915.11	231,041.03
1	C11	c3 5/6	1.3065	128,640.01	120,122.94	213,626.63
1	C12	c3 5/6	1.3065	95,588.09	94,888.00	168,748.82
1	D01	c2 3/4	1.3065	135,307.61	79,180.10	140,813.89
1	D02	c2 3/4	1.3065	172,417.70	106,773.86	189,886.63
1	D03	c2 3/4	1.3065	181,992.11	115,024.81	204,560.12
1	D04	c2 3/4	1.3065	168,676.00	104,931.78	186,610.68
1	D05	c2 3/4	1.3065	174,832.98	90,669.55	161,246.74
1	D06	c2 3/4	1.3065	165,840.53	89,985.58	160,030.36
1	D07	c2 5/6	1.3065	168,503.89	110,653.02	196,785.34
1	D08	c2 5/6	1.3065	162,889.86	105,148.27	186,995.68
1	D09	c2 5/6	1.3065	170,738.52	73,219.96	130,214.38
1	D10	c2 5/6	1.3065	153,078.21	86,982.01	154,688.80
1	D11	c2 5/6	1.3065	144,100.18	75,463.27	134,203.88
1	D12	c2 5/6	1.3065	90,901.47	66,189.81	117,711.96
1	E01	p6.II.1 3/4	1.3065	58,000.08	99,346.80	176,678.36
1	E02	p6.II.1 3/4	1.3065	72,127.07	93,211.30	165,766.98
1	E03	p6.II.1 3/4	1.3065	70,825.60	76,224.43	135,557.53
1	E04	p6.II.1 3/4	1.3065	75,783.56	87,795.15	156,134.90
1	E05	p6.II.1 3/4	1.3065	74,699.45	86,993.45	154,709.14
1	E06	p6.II.1 3/4	1.3065	75,766.34	98,993.95	176,050.84
1	E07	p6.II.1 5/6	1.3065	63,652.81	100,715.55	179,112.54
1	E08	p6.II.1 5/6	1.3065	65,412.94	92,402.97	164,329.44
1	E09	p6.II.1 5/6	1.3065	78,911.86	90,844.45	161,557.78
1	E10	p6.II.1 5/6	1.3065	64,271.58	108,783.51	193,460.59
1	E11	p6.II.1 5/6	1.3065	0	0	0
1	E12	p6.II.1 5/6	1.3065	0	0	0
1	F01	p3.II.2 3/4	1.3065	93,802.71	51,953.71	92,394.47
1	F02	p3.II.2 3/4	1.3065	125,254.54	98,343.91	174,894.82
1	F03	p3.II.2 3/4	1.3065	133,672.34	117,407.70	208,797.85
1	F04	p3.II.2 3/4	1.3065	126,689.84	116,462.19	207,116.36
1	F05	p3.II.2 3/4	1.3065	122,809.94	99,877.04	177,621.32
1	F06	p3.II.2 3/4	1.3065	121,002.50	79,286.23	141,002.62
1	F07	p3.II.2 5/6	1.3065	122,211.94	96,422.99	171,478.65
1	F08	p3.II.2 5/6	1.3065	142,009.79	78,996.00	140,486.49
1	F09	p3.II.2 5/6	1.3065	118,121.44	70,120.04	124,701.48
1	F10	p3.II.2 5/6	1.3065	119,330.59	83,286.73	148,117.13
1	F11	p3.II.2 5/6	1.3065	105,533.36	40,713.70	72,405.25
1	F12	p3.II.2 5/6	1.3065	63,805.99	53,862.84	95,789.68
1	H01	Background	1.3065	0	0	0
1	H02	Background	1.3065	0	0	0
1	H03	Background	1.3065	0	0	0
1	H04	Background	1.3065	0	0	0
1	H05	Background	1.3065	0	0	0
1	H06	Background	1.3065	0	0	0
1	H07	Background	1.3065	0	0	0
1	H08	Background	1.3065	0	0	0
1	H09	Background	1.3065	0	0	0
1	H10	Background	1.3065	0	0	0
1	H11	Background	1.3065	0	0	0
1	H12	Background	1.3065	0	0	0
2	A01	Background	7.77531	0	0	0
2	A02	Background	7.77531	0	0	0
2	A03	Background	7.77531	0	0	0
2	A04	Background	7.77531	0	0	0
2	A05	Background	7.77531	0	0	0
2	A06	Background	7.77531	0	0	0
2	A07	Background	7.77531	0	0	0
2	A08	Background	7.77531	0	0	0
2	A09	Background	7.77531	0	0	0
2	A10	Background	7.77531	0	0	0
2	A11	Background	7.77531	0	0	0
2	A12	Background	7.77531	0	0	0
2	B01	c1 3/4	7.77531	106,064.31	69,750.38	124,044.07
2	B02	c1 3/4	7.77531	64,856.72	79,871.33	142,043.18
2	B03	c1 3/4	7.77531	117,839.94	89,534.56	159,228.26
2	B04	c1 3/4	7.77531	113,559.00	80,247.35	142,711.89
2	B05	c1 3/4	7.77531	116,004.99	81,088.84	144,208.40
2	B06	c1 3/4	7.77531	111,761.85	91,165.97	162,129.56
2	B07	c1 5/6	7.77531	108,968.30	91,785.36	163,231.08
2	B08	c1 5/6	7.77531	114,619.29	87,247.28	155,160.57
2	B09	c1 5/6	7.77531	103,684.18	89,396.97	158,983.57
2	B10	c1 5/6	7.77531	109,597.42	93,214.83	165,773.25
2	B11	c1 5/6	7.77531	100,794.15	93,075.02	165,524.61
2	B12	c1 5/6	7.77531	97,564.58	89,963.90	159,991.80
2	C01	c3 3/4	7.77531	117,666.00	72,858.31	129,571.22
2	C02	c3 3/4	7.77531	138,270.51	99,068.53	176,183.48
2	C03	c3 3/4	7.77531	150,307.66	90,571.29	161,071.99
2	C04	c3 3/4	7.77531	145,421.60	102,001.66	181,399.76
2	C05	c3 3/4	7.77531	153,261.19	125,536.33	223,253.81
2	C06	c3 3/4	7.77531	146,084.48	107,538.12	191,245.78
2	C07	c3 5/6	7.77531	176,835.92	112,074.99	199,314.17
2	C08	c3 5/6	7.77531	134,881.07	109,500.95	194,736.49
2	C09	c3 5/6	7.77531	129,361.84	73,831.83	131,302.53
2	C10	c3 5/6	7.77531	159,410.97	94,753.74	168,510.05
2	C11	c3 5/6	7.77531	118,215.65	78,260.17	139,177.88
2	C12	c3 5/6	7.77531	95,013.12	83,413.45	148,342.48
2	D01	c2 3/4	7.77531	128,334.25	65,885.13	117,170.11
2	D02	c2 3/4	7.77531	161,526.04	73,102.56	130,005.58
2	D03	c2 3/4	7.77531	174,355.43	84,872.31	150,936.92
2	D04	c2 3/4	7.77531	158,310.30	76,230.07	135,567.56
2	D05	c2 3/4	7.77531	167,252.39	78,589.63	139,763.80
2	D06	c2 3/4	7.77531	151,243.48	83,514.17	148,521.60
2	D07	c2 5/6	7.77531	157,209.08	82,474.95	146,673.45
2	D08	c2 5/6	7.77531	155,321.51	94,028.25	167,219.84
2	D09	c2 5/6	7.77531	161,789.21	59,094.56	105,093.76
2	D10	c2 5/6	7.77531	132,147.01	76,729.84	136,456.35
2	D11	c2 5/6	7.77531	132,274.68	66,428.54	118,136.51
2	D12	c2 5/6	7.77531	97,944.87	58,648.16	104,299.89
2	E01	p6.II.1 3/4	7.77531	52,885.76	88,385.18	157,184.21
2	E02	p6.II.1 3/4	7.77531	65,053.84	82,258.57	146,288.63
2	E03	p6.II.1 3/4	7.77531	61,026.43	77,108.41	137,129.60
2	E04	p6.II.1 3/4	7.77531	63,032.51	88,670.42	157,691.47
2	E05	p6.II.1 3/4	7.77531	67,299.31	85,132.26	151,399.21
2	E06	p6.II.1 3/4	7.77531	73,635.43	91,055.02	161,932.25
2	E07	p6.II.1 5/6	7.77531	58,397.13	88,492.80	157,375.59
2	E08	p6.II.1 5/6	7.77531	58,285.82	80,029.14	142,323.81
2	E09	p6.II.1 5/6	7.77531	69,410.07	88,205.95	156,865.46
2	E10	p6.II.1 5/6	7.77531	58,639.15	97,556.99	173,495.35
2	E11	p6.II.1 5/6	7.77531	0	0	0
2	E12	p6.II.1 5/6	7.77531	0	0	0
2	F01	p3.II.2 3/4	7.77531	84,195.89	41,598.09	73,978.05
2	F02	p3.II.2 3/4	7.77531	112,854.90	66,443.23	118,162.64
2	F03	p3.II.2 3/4	7.77531	124,178.10	70,951.30	126,179.79
2	F04	p3.II.2 3/4	7.77531	115,693.40	61,047.60	108,567.06
2	F05	p3.II.2 3/4	7.77531	112,291.49	59,645.49	106,073.55
2	F06	p3.II.2 3/4	7.77531	106,114.08	60,078.81	106,844.15
2	F07	p3.II.2 5/6	7.77531	116,284.82	49,603.52	88,214.90
2	F08	p3.II.2 5/6	7.77531	127,905.30	43,157.37	76,751.06
2	F09	p3.II.2 5/6	7.77531	106,667.71	36,273.41	64,508.63
2	F10	p3.II.2 5/6	7.77531	104,843.57	53,468.32	95,088.06
2	F11	p3.II.2 5/6	7.77531	101,529.90	37,490.70	66,673.46
2	F12	p3.II.2 5/6	7.77531	55,659.94	47,419.44	84,330.74
2	H01	Background	7.77531	0	0	0
2	H02	Background	7.77531	0	0	0
2	H03	Background	7.77531	0	0	0
2	H04	Background	7.77531	0	0	0
2	H05	Background	7.77531	0	0	0
2	H06	Background	7.77531	0	0	0
2	H07	Background	7.77531	0	0	0
2	H08	Background	7.77531	0	0	0
2	H09	Background	7.77531	0	0	0
2	H10	Background	7.77531	0	0	0
2	H11	Background	7.77531	0	0	0
2	H12	Background	7.77531	0	0	0
3	A01	Background	14.26883	0	0	0
3	A02	Background	14.26883	0	0	0
3	A03	Background	14.26883	0	0	0
3	A04	Background	14.26883	0	0	0
3	A05	Background	14.26883	0	0	0
3	A06	Background	14.26883	0	0	0
3	A07	Background	14.26883	0	0	0
3	A08	Background	14.26883	0	0	0
3	A09	Background	14.26883	0	0	0
3	A10	Background	14.26883	0	0	0
3	A11	Background	14.26883	0	0	0
3	A12	Background	14.26883	0	0	0
3	B01	c1 3/4	14.26883	108,031.99	69,760.34	124,061.78
3	B02	c1 3/4	14.26883	65,717.57	74,821.51	133,062.57
3	B03	c1 3/4	14.26883	117,291.13	84,192.35	149,727.68
3	B04	c1 3/4	14.26883	114,360.59	75,723.14	134,666.04
3	B05	c1 3/4	14.26883	116,178.49	80,199.80	142,627.32
3	B06	c1 3/4	14.26883	112,433.23	85,863.81	152,700.20
3	B07	c1 5/6	14.26883	109,198.82	92,246.33	164,050.88
3	B08	c1 5/6	14.26883	115,713.79	86,706.70	154,199.19
3	B09	c1 5/6	14.26883	105,058.76	88,743.84	157,822.05
3	B10	c1 5/6	14.26883	110,848.33	92,946.73	165,296.46
3	B11	c1 5/6	14.26883	100,612.96	91,021.14	161,871.99
3	B12	c1 5/6	14.26883	99,042.41	88,224.25	156,898.00
3	C01	c3 3/4	14.26883	119,945.36	74,003.27	131,607.41
3	C02	c3 3/4	14.26883	140,383.15	88,507.51	157,401.75
3	C03	c3 3/4	14.26883	154,121.14	71,953.31	127,961.77
3	C04	c3 3/4	14.26883	147,591.81	94,275.22	167,659.06
3	C05	c3 3/4	14.26883	161,470.45	109,905.20	195,455.41
3	C06	c3 3/4	14.26883	147,667.30	100,935.24	179,503.22
3	C07	c3 5/6	14.26883	201,633.19	103,702.62	184,424.74
3	C08	c3 5/6	14.26883	136,677.35	98,860.69	175,813.86
3	C09	c3 5/6	14.26883	130,515.87	71,358.86	126,904.60
3	C10	c3 5/6	14.26883	153,588.80	91,762.67	163,190.73
3	C11	c3 5/6	14.26883	120,753.65	82,901.59	147,432.18
3	C12	c3 5/6	14.26883	91,321.82	82,704.92	147,082.42
3	D01	c2 3/4	14.26883	129,399.53	61,617.01	109,579.69
3	D02	c2 3/4	14.26883	160,119.64	70,777.83	125,871.29
3	D03	c2 3/4	14.26883	178,562.71	78,214.51	139,096.69
3	D04	c2 3/4	14.26883	159,101.05	75,708.14	134,639.35
3	D05	c2 3/4	14.26883	166,252.64	75,885.65	134,955.04
3	D06	c2 3/4	14.26883	152,935.75	76,351.74	135,783.94
3	D07	c2 5/6	14.26883	155,697.92	76,461.81	135,979.68
3	D08	c2 5/6	14.26883	157,731.87	89,883.99	159,849.68
3	D09	c2 5/6	14.26883	160,252.74	60,175.58	107,016.25
3	D10	c2 5/6	14.26883	137,399.78	76,659.62	136,331.48
3	D11	c2 5/6	14.26883	133,953.24	67,652.40	120,313.03
3	D12	c2 5/6	14.26883	89,815.10	58,073.61	103,278.11
3	E01	p6.II.1 3/4	14.26883	53,508.79	86,312.49	153,498.13
3	E02	p6.II.1 3/4	14.26883	65,849.36	84,618.57	150,485.67
3	E03	p6.II.1 3/4	14.26883	62,458.04	79,238.10	140,917.03
3	E04	p6.II.1 3/4	14.26883	66,288.59	91,566.94	162,842.65
3	E05	p6.II.1 3/4	14.26883	67,135.47	88,401.51	157,213.25
3	E06	p6.II.1 3/4	14.26883	73,502.35	94,209.40	167,541.99
3	E07	p6.II.1 5/6	14.26883	58,994.73	90,384.95	160,740.59
3	E08	p6.II.1 5/6	14.26883	57,851.53	81,530.11	144,993.14
3	E09	p6.II.1 5/6	14.26883	71,764.56	90,933.62	161,716.34
3	E10	p6.II.1 5/6	14.26883	58,615.52	98,626.64	175,397.62
3	E11	p6.II.1 5/6	14.26883	0	0	0
3	E12	p6.II.1 5/6	14.26883	0	0	0
3	F01	p3.II.2 3/4	14.26883	85,446.06	39,792.97	70,767.82
3	F02	p3.II.2 3/4	14.26883	113,419.83	63,175.94	112,352.10
3	F03	p3.II.2 3/4	14.26883	121,277.44	66,567.28	118,383.25
3	F04	p3.II.2 3/4	14.26883	119,504.48	57,578.67	102,397.90
3	F05	p3.II.2 3/4	14.26883	113,983.94	56,809.20	101,029.49
3	F06	p3.II.2 3/4	14.26883	107,691.97	60,639.27	107,840.89
3	F07	p3.II.2 5/6	14.26883	113,188.17	47,778.51	84,969.30
3	F08	p3.II.2 5/6	14.26883	127,566.65	45,983.72	81,777.44
3	F09	p3.II.2 5/6	14.26883	109,248.12	37,228.18	66,206.60
3	F10	p3.II.2 5/6	14.26883	109,397.23	51,954.91	92,396.61
3	F11	p3.II.2 5/6	14.26883	99,602.60	38,429.29	68,342.65
3	F12	p3.II.2 5/6	14.26883	58,332.21	49,395.32	87,844.63
3	H01	Background	14.26883	0	0	0
3	H02	Background	14.26883	0	0	0
3	H03	Background	14.26883	0	0	0
3	H04	Background	14.26883	0	0	0
3	H05	Background	14.26883	0	0	0
3	H06	Background	14.26883	0	0	0
3	H07	Background	14.26883	0	0	0
3	H08	Background	14.26883	0	0	0
3	H09	Background	14.26883	0	0	0
3	H10	Background	14.26883	0	0	0
3	H11	Background	14.26883	0	0	0
3	H12	Background	14.26883	0	0	0
4	A01	Background	20.77898	0	0	0
4	A02	Background	20.77898	0	0	0
4	A03	Background	20.77898	0	0	0
4	A04	Background	20.77898	0	0	0
4	A05	Background	20.77898	0	0	0
4	A06	Background	20.77898	0	0	0
4	A07	Background	20.77898	0	0	0
4	A08	Background	20.77898	0	0	0
4	A09	Background	20.77898	0	0	0
4	A10	Background	20.77898	0	0	0
4	A11	Background	20.77898	0	0	0
4	A12	Background	20.77898	0	0	0
4	B01	c1 3/4	20.77898	108,515.87	68,840.80	122,426.47
4	B02	c1 3/4	20.77898	67,814.58	71,523.11	127,196.69
4	B03	c1 3/4	20.77898	117,044.24	79,969.67	142,218.07
4	B04	c1 3/4	20.77898	114,794.16	73,056.82	129,924.26
4	B05	c1 3/4	20.77898	117,255.69	78,049.99	138,804.10
4	B06	c1 3/4	20.77898	113,457.66	83,922.39	149,247.58
4	B07	c1 5/6	20.77898	108,994.53	89,869.76	159,824.37
4	B08	c1 5/6	20.77898	117,412.97	85,126.00	151,388.07
4	B09	c1 5/6	20.77898	106,927.90	88,024.91	156,543.51
4	B10	c1 5/6	20.77898	112,598.83	92,256.53	164,069.00
4	B11	c1 5/6	20.77898	102,559.70	88,897.70	158,095.67
4	B12	c1 5/6	20.77898	100,967.28	85,962.80	152,876.25
4	C01	c3 3/4	20.77898	120,722.51	73,004.18	129,830.64
4	C02	c3 3/4	20.77898	141,588.86	86,592.91	153,996.82
4	C03	c3 3/4	20.77898	153,673.73	60,872.46	108,255.58
4	C04	c3 3/4	20.77898	148,060.81	84,618.11	150,484.84
4	C05	c3 3/4	20.77898	159,269.00	106,023.44	188,552.08
4	C06	c3 3/4	20.77898	148,586.14	98,244.28	174,717.62
4	C07	c3 5/6	20.77898	202,425.77	98,760.15	175,635.04
4	C08	c3 5/6	20.77898	138,277.97	93,806.35	166,825.22
4	C09	c3 5/6	20.77898	131,907.57	70,612.73	125,577.69
4	C10	c3 5/6	20.77898	153,714.18	91,844.04	163,335.44
4	C11	c3 5/6	20.77898	119,324.34	82,951.74	147,521.37
4	C12	c3 5/6	20.77898	90,906.00	80,517.94	143,193.11
4	D01	c2 3/4	20.77898	130,814.57	61,503.96	109,378.65
4	D02	c2 3/4	20.77898	160,467.78	70,067.08	124,607.29
4	D03	c2 3/4	20.77898	181,621.93	75,660.64	134,554.89
4	D04	c2 3/4	20.77898	159,203.38	77,994.10	138,704.70
4	D05	c2 3/4	20.77898	166,522.21	77,249.74	137,380.94
4	D06	c2 3/4	20.77898	153,577.54	75,431.04	134,146.57
4	D07	c2 5/6	20.77898	155,712.30	74,149.47	131,867.42
4	D08	c2 5/6	20.77898	157,131.61	88,849.03	158,009.11
4	D09	c2 5/6	20.77898	158,099.36	61,392.73	109,180.84
4	D10	c2 5/6	20.77898	138,269.74	76,900.53	136,759.91
4	D11	c2 5/6	20.77898	133,413.44	68,673.91	122,129.67
4	D12	c2 5/6	20.77898	90,922.50	55,793.21	99,222.64
4	E01	p6.II.1 3/4	20.77898	54,638.98	83,815.53	149,057.54
4	E02	p6.II.1 3/4	20.77898	65,919.75	85,193.75	151,508.57
4	E03	p6.II.1 3/4	20.77898	61,923.76	81,172.33	144,356.86
4	E04	p6.II.1 3/4	20.77898	67,438.69	92,660.65	164,787.70
4	E05	p6.II.1 3/4	20.77898	67,124.65	90,024.76	160,100.03
4	E06	p6.II.1 3/4	20.77898	73,135.95	96,017.20	170,756.99
4	E07	p6.II.1 5/6	20.77898	58,931.91	90,094.11	160,223.37
4	E08	p6.II.1 5/6	20.77898	58,570.16	82,668.16	147,017.06
4	E09	p6.II.1 5/6	20.77898	72,267.29	91,805.51	163,266.92
4	E10	p6.II.1 5/6	20.77898	58,952.41	98,207.03	174,651.38
4	E11	p6.II.1 5/6	20.77898	0	0	0
4	E12	p6.II.1 5/6	20.77898	0	0	0
4	F01	p3.II.2 3/4	20.77898	86,040.55	39,414.68	70,095.06
4	F02	p3.II.2 3/4	20.77898	113,196.17	60,245.77	107,141.07
4	F03	p3.II.2 3/4	20.77898	123,662.92	63,707.86	113,298.05
4	F04	p3.II.2 3/4	20.77898	116,879.55	56,483.29	100,449.87
4	F05	p3.II.2 3/4	20.77898	113,016.99	55,278.78	98,307.79
4	F06	p3.II.2 3/4	20.77898	108,131.35	61,137.54	108,727.00
4	F07	p3.II.2 5/6	20.77898	112,010.70	45,260.01	80,490.41
4	F08	p3.II.2 5/6	20.77898	126,272.05	45,689.14	81,253.56
4	F09	p3.II.2 5/6	20.77898	106,984.87	38,077.55	67,717.12
4	F10	p3.II.2 5/6	20.77898	106,670.19	50,519.63	89,844.12
4	F11	p3.II.2 5/6	20.77898	99,405.93	37,672.38	66,996.56
4	F12	p3.II.2 5/6	20.77898	60,907.04	47,581.84	84,619.54
4	H01	Background	20.77898	0	0	0
4	H02	Background	20.77898	0	0	0
4	H03	Background	20.77898	0	0	0
4	H04	Background	20.77898	0	0	0
4	H05	Background	20.77898	0	0	0
4	H06	Background	20.77898	0	0	0
4	H07	Background	20.77898	0	0	0
4	H08	Background	20.77898	0	0	0
4	H09	Background	20.77898	0	0	0
4	H10	Background	20.77898	0	0	0
4	H11	Background	20.77898	0	0	0
4	H12	Background	20.77898	0	0	0
5	A01	Background	27.37441	0	0	0
5	A02	Background	27.37441	0	0	0
5	A03	Background	27.37441	0	0	0
5	A04	Background	27.37441	0	0	0
5	A05	Background	27.37441	0	0	0
5	A06	Background	27.37441	0	0	0
5	A07	Background	27.37441	0	0	0
5	A08	Background	27.37441	0	0	0
5	A09	Background	27.37441	0	0	0
5	A10	Background	27.37441	0	0	0
5	A11	Background	27.37441	0	0	0
5	A12	Background	27.37441	0	0	0
5	B01	c1 3/4	27.37441	85,587.00	76,652.86	136,319.46
5	B02	c1 3/4	27.37441	10,333.02	87,163.44	155,011.46
5	B03	c1 3/4	27.37441	61,438.21	98,848.59	175,792.33
5	B04	c1 3/4	27.37441	89,132.78	79,037.18	140,559.72
5	B05	c1 3/4	27.37441	82,479.87	90,563.79	161,058.65
5	B06	c1 3/4	27.37441	86,602.24	88,779.58	157,885.61
5	B07	c1 5/6	27.37441	89,290.70	99,677.57	177,266.60
5	B08	c1 5/6	27.37441	102,718.80	92,535.62	164,565.35
5	B09	c1 5/6	27.37441	95,923.65	91,580.69	162,867.10
5	B10	c1 5/6	27.37441	87,575.25	104,756.56	186,299.07
5	B11	c1 5/6	27.37441	57,840.50	108,882.32	193,636.31
5	B12	c1 5/6	27.37441	50,434.03	104,121.55	185,169.77
5	C01	c3 3/4	27.37441	48,653.54	114,819.25	204,194.55
5	C02	c3 3/4	27.37441	62,157.86	100,278.18	178,334.71
5	C03	c3 3/4	27.37441	75,077.02	78,812.11	140,159.46
5	C04	c3 3/4	27.37441	71,385.76	97,394.22	173,205.87
5	C05	c3 3/4	27.37441	75,557.96	148,602.61	264,274.88
5	C06	c3 3/4	27.37441	69,717.33	122,195.50	217,312.47
5	C07	c3 5/6	27.37441	112,847.40	116,201.91	206,653.48
5	C08	c3 5/6	27.37441	53,935.28	122,381.65	217,643.52
5	C09	c3 5/6	27.37441	55,824.78	89,452.93	159,083.08
5	C10	c3 5/6	27.37441	76,549.62	122,597.64	218,027.65
5	C11	c3 5/6	27.37441	48,444.56	114,349.15	203,358.53
5	C12	c3 5/6	27.37441	35,872.95	101,200.31	179,974.64
5	D01	c2 3/4	27.37441	63,923.25	83,285.68	148,115.26
5	D02	c2 3/4	27.37441	61,213.01	108,609.17	193,150.55
5	D03	c2 3/4	27.37441	65,879.04	117,261.63	208,538.07
5	D04	c2 3/4	27.37441	59,588.18	121,180.55	215,507.50
5	D05	c2 3/4	27.37441	100,118.29	113,608.99	202,042.23
5	D06	c2 3/4	27.37441	62,937.32	112,612.36	200,269.82
5	D07	c2 5/6	27.37441	74,153.66	106,669.62	189,701.26
5	D08	c2 5/6	27.37441	57,923.60	136,039.16	241,932.04
5	D09	c2 5/6	27.37441	63,806.99	100,685.92	179,059.84
5	D10	c2 5/6	27.37441	51,026.92	115,989.01	206,274.86
5	D11	c2 5/6	27.37441	36,736.25	104,269.51	185,432.90
5	D12	c2 5/6	27.37441	25,227.99	79,070.35	140,618.72
5	E01	p6.II.1 3/4	27.37441	39,737.22	85,654.15	152,327.35
5	E02	p6.II.1 3/4	27.37441	58,130.93	86,765.52	154,303.80
5	E03	p6.II.1 3/4	27.37441	46,036.47	87,626.77	155,835.45
5	E04	p6.II.1 3/4	27.37441	52,698.71	102,354.30	182,026.89
5	E05	p6.II.1 3/4	27.37441	53,552.50	99,979.75	177,803.99
5	E06	p6.II.1 3/4	27.37441	56,743.53	101,410.53	180,348.48
5	E07	p6.II.1 5/6	27.37441	53,956.96	86,117.34	153,151.07
5	E08	p6.II.1 5/6	27.37441	37,083.97	83,568.82	148,618.79
5	E09	p6.II.1 5/6	27.37441	51,728.95	103,853.73	184,693.46
5	E10	p6.II.1 5/6	27.37441	35,888.19	102,127.57	181,623.67
5	E11	p6.II.1 5/6	27.37441	0	0	0
5	E12	p6.II.1 5/6	27.37441	0	0	0
5	F01	p3.II.2 3/4	27.37441	34,595.02	60,201.48	107,062.31
5	F02	p3.II.2 3/4	27.37441	53,413.64	85,140.48	151,413.84
5	F03	p3.II.2 3/4	27.37441	52,456.28	87,301.81	155,257.54
5	F04	p3.II.2 3/4	27.37441	51,315.59	78,410.48	139,445.20
5	F05	p3.II.2 3/4	27.37441	48,560.23	75,504.93	134,277.97
5	F06	p3.II.2 3/4	27.37441	40,875.98	87,044.64	154,800.18
5	F07	p3.II.2 5/6	27.37441	57,847.75	53,895.53	95,847.82
5	F08	p3.II.2 5/6	27.37441	63,641.49	59,572.49	105,943.72
5	F09	p3.II.2 5/6	27.37441	44,832.56	66,573.13	118,393.66
5	F10	p3.II.2 5/6	27.37441	45,537.31	65,339.23	116,199.28
5	F11	p3.II.2 5/6	27.37441	39,706.72	52,448.61	93,274.61
5	F12	p3.II.2 5/6	27.37441	24,045.46	51,712.48	91,965.48
5	H01	Background	27.37441	0	0	0
5	H02	Background	27.37441	0	0	0
5	H03	Background	27.37441	0	0	0
5	H04	Background	27.37441	0	0	0
5	H05	Background	27.37441	0	0	0
5	H06	Background	27.37441	0	0	0
5	H07	Background	27.37441	0	0	0
5	H08	Background	27.37441	0	0	0
5	H09	Background	27.37441	0	0	0
5	H10	Background	27.37441	0	0	0
5	H11	Background	27.37441	0	0	0
5	H12	Background	27.37441	0	0	0
6	A01	Background	33.86584	0	0	0
6	A02	Background	33.86584	0	0	0
6	A03	Background	33.86584	0	0	0
6	A04	Background	33.86584	0	0	0
6	A05	Background	33.86584	0	0	0
6	A06	Background	33.86584	0	0	0
6	A07	Background	33.86584	0	0	0
6	A08	Background	33.86584	0	0	0
6	A09	Background	33.86584	0	0	0
6	A10	Background	33.86584	0	0	0
6	A11	Background	33.86584	0	0	0
6	A12	Background	33.86584	0	0	0
6	B01	c1 3/4	33.86584	51,980.05	103,355.22	183,806.92
6	B02	c1 3/4	33.86584	-7,348.83	104,775.08	186,332.01
6	B03	c1 3/4	33.86584	50,250.62	115,368.83	205,171.92
6	B04	c1 3/4	33.86584	62,552.55	99,100.75	176,240.78
6	B05	c1 3/4	33.86584	55,635.02	110,067.98	195,744.90
6	B06	c1 3/4	33.86584	56,005.24	108,886.80	193,644.29
6	B07	c1 5/6	33.86584	58,250.26	120,323.12	213,982.63
6	B08	c1 5/6	33.86584	69,637.27	111,672.62	198,598.59
6	B09	c1 5/6	33.86584	63,850.64	109,058.75	193,950.09
6	B10	c1 5/6	33.86584	53,184.30	127,518.42	226,778.76
6	B11	c1 5/6	33.86584	40,413.04	129,794.36	230,826.29
6	B12	c1 5/6	33.86584	38,577.31	120,671.13	214,601.54
6	C01	c3 3/4	33.86584	41,376.73	113,722.25	202,243.64
6	C02	c3 3/4	33.86584	58,806.92	112,868.07	200,724.58
6	C03	c3 3/4	33.86584	63,386.71	95,704.08	170,200.14
6	C04	c3 3/4	33.86584	55,026.13	118,632.63	210,976.28
6	C05	c3 3/4	33.86584	64,361.68	153,906.65	273,707.59
6	C06	c3 3/4	33.86584	60,412.07	134,260.55	238,768.96
6	C07	c3 5/6	33.86584	104,763.97	131,892.93	234,558.38
6	C08	c3 5/6	33.86584	45,675.82	133,624.03	237,636.97
6	C09	c3 5/6	33.86584	48,893.63	109,624.01	194,955.34
6	C10	c3 5/6	33.86584	69,943.29	142,466.70	253,362.77
6	C11	c3 5/6	33.86584	42,896.73	128,666.49	228,820.48
6	C12	c3 5/6	33.86584	33,934.51	107,454.15	191,096.45
6	D01	c2 3/4	33.86584	55,625.23	93,932.35	167,049.29
6	D02	c2 3/4	33.86584	54,063.41	113,674.19	202,158.18
6	D03	c2 3/4	33.86584	61,592.68	119,836.27	213,116.83
6	D04	c2 3/4	33.86584	53,719.33	123,463.48	219,567.44
6	D05	c2 3/4	33.86584	58,938.96	122,663.10	218,144.06
6	D06	c2 3/4	33.86584	51,371.35	116,926.42	207,941.94
6	D07	c2 5/6	33.86584	59,307.30	111,501.76	198,294.73
6	D08	c2 5/6	33.86584	49,728.89	135,539.91	241,044.18
6	D09	c2 5/6	33.86584	59,452.89	103,527.40	184,113.12
6	D10	c2 5/6	33.86584	38,886.14	121,703.83	216,438.09
6	D11	c2 5/6	33.86584	31,349.29	114,734.43	204,043.72
6	D12	c2 5/6	33.86584	24,416.09	83,766.73	148,970.76
6	E01	p6.II.1 3/4	33.86584	27,553.87	95,511.35	169,857.38
6	E02	p6.II.1 3/4	33.86584	40,703.31	97,257.80	172,963.27
6	E03	p6.II.1 3/4	33.86584	33,241.79	95,272.47	169,432.57
6	E04	p6.II.1 3/4	33.86584	37,397.12	110,144.52	195,881.01
6	E05	p6.II.1 3/4	33.86584	37,169.42	108,109.98	192,262.79
6	E06	p6.II.1 3/4	33.86584	43,127.46	112,111.77	199,379.58
6	E07	p6.II.1 5/6	33.86584	36,124.02	96,493.79	171,604.55
6	E08	p6.II.1 5/6	33.86584	29,069.19	94,699.28	168,413.19
6	E09	p6.II.1 5/6	33.86584	42,598.27	108,016.82	192,097.11
6	E10	p6.II.1 5/6	33.86584	29,285.68	115,558.07	205,508.47
6	E11	p6.II.1 5/6	33.86584	0	0	0
6	E12	p6.II.1 5/6	33.86584	0	0	0
6	F01	p3.II.2 3/4	33.86584	31,328.82	61,981.10	110,227.19
6	F02	p3.II.2 3/4	33.86584	42,859.02	89,825.32	159,745.36
6	F03	p3.II.2 3/4	33.86584	47,726.65	96,261.48	171,191.42
6	F04	p3.II.2 3/4	33.86584	44,951.19	93,445.49	166,183.46
6	F05	p3.II.2 3/4	33.86584	40,393.36	90,702.49	161,305.30
6	F06	p3.II.2 3/4	33.86584	38,078.36	92,209.18	163,984.80
6	F07	p3.II.2 5/6	33.86584	49,479.42	69,738.59	124,023.11
6	F08	p3.II.2 5/6	33.86584	58,338.51	76,430.41	135,923.85
6	F09	p3.II.2 5/6	33.86584	38,063.93	75,173.59	133,688.71
6	F10	p3.II.2 5/6	33.86584	37,639.88	83,877.41	149,167.59
6	F11	p3.II.2 5/6	33.86584	37,602.28	63,897.44	113,635.20
6	F12	p3.II.2 5/6	33.86584	21,767.03	59,007.20	104,938.40
6	H01	Background	33.86584	0	0	0
6	H02	Background	33.86584	0	0	0
6	H03	Background	33.86584	0	0	0
6	H04	Background	33.86584	0	0	0
6	H05	Background	33.86584	0	0	0
6	H06	Background	33.86584	0	0	0
6	H07	Background	33.86584	0	0	0
6	H08	Background	33.86584	0	0	0
6	H09	Background	33.86584	0	0	0
6	H10	Background	33.86584	0	0	0
6	H11	Background	33.86584	0	0	0
6	H12	Background	33.86584	0	0	0
7	A01	Background	40.37079	0	0	0
7	A02	Background	40.37079	0	0	0
7	A03	Background	40.37079	0	0	0
7	A04	Background	40.37079	0	0	0
7	A05	Background	40.37079	0	0	0
7	A06	Background	40.37079	0	0	0
7	A07	Background	40.37079	0	0	0
7	A08	Background	40.37079	0	0	0
7	A09	Background	40.37079	0	0	0
7	A10	Background	40.37079	0	0	0
7	A11	Background	40.37079	0	0	0
7	A12	Background	40.37079	0	0	0
7	B01	c1 3/4	40.37079	47,792.60	109,424.10	194,599.82
7	B02	c1 3/4	40.37079	-9,698.30	105,651.64	187,890.87
7	B03	c1 3/4	40.37079	47,792.54	118,166.67	210,147.60
7	B04	c1 3/4	40.37079	52,650.00	106,650.27	189,666.84
7	B05	c1 3/4	40.37079	51,216.39	114,714.63	204,008.50
7	B06	c1 3/4	40.37079	48,896.43	114,405.96	203,459.56
7	B07	c1 5/6	40.37079	48,504.80	127,569.78	226,870.09
7	B08	c1 5/6	40.37079	55,518.14	120,261.21	213,872.53
7	B09	c1 5/6	40.37079	47,824.51	120,657.19	214,576.75
7	B10	c1 5/6	40.37079	47,425.82	134,952.38	239,999.31
7	B11	c1 5/6	40.37079	37,928.03	132,654.73	235,913.18
7	B12	c1 5/6	40.37079	37,770.04	123,157.40	219,023.11
7	C01	c3 3/4	40.37079	38,937.97	112,786.41	200,579.36
7	C02	c3 3/4	40.37079	55,766.50	116,318.76	206,861.27
7	C03	c3 3/4	40.37079	61,522.53	99,456.54	176,873.51
7	C04	c3 3/4	40.37079	53,582.66	123,569.00	219,755.11
7	C05	c3 3/4	40.37079	64,280.91	155,782.66	277,043.88
7	C06	c3 3/4	40.37079	58,362.33	137,801.50	245,066.18
7	C07	c3 5/6	40.37079	102,646.07	134,758.36	239,654.27
7	C08	c3 5/6	40.37079	44,439.74	136,496.61	242,745.57
7	C09	c3 5/6	40.37079	44,797.61	115,912.28	206,138.40
7	C10	c3 5/6	40.37079	68,535.85	145,245.44	258,304.49
7	C11	c3 5/6	40.37079	37,683.85	133,511.85	237,437.48
7	C12	c3 5/6	40.37079	32,465.96	109,061.94	193,955.75
7	D01	c2 3/4	40.37079	51,921.47	97,095.86	172,675.27
7	D02	c2 3/4	40.37079	53,550.04	111,827.71	198,874.40
7	D03	c2 3/4	40.37079	60,845.12	121,729.20	216,483.21
7	D04	c2 3/4	40.37079	52,630.57	126,069.58	224,202.13
7	D05	c2 3/4	40.37079	56,617.31	123,606.77	219,822.29
7	D06	c2 3/4	40.37079	48,641.68	116,547.82	207,268.65
7	D07	c2 5/6	40.37079	58,442.98	113,698.48	202,201.37
7	D08	c2 5/6	40.37079	49,898.70	135,851.45	241,598.21
7	D09	c2 5/6	40.37079	57,010.09	107,115.89	190,494.90
7	D10	c2 5/6	40.37079	36,510.43	122,919.59	218,600.21
7	D11	c2 5/6	40.37079	29,976.48	114,532.78	203,685.10
7	D12	c2 5/6	40.37079	23,225.41	84,594.99	150,443.74
7	E01	p6.II.1 3/4	40.37079	25,623.85	96,431.02	171,492.92
7	E02	p6.II.1 3/4	40.37079	34,893.48	100,884.05	179,412.20
7	E03	p6.II.1 3/4	40.37079	31,030.43	97,746.18	173,831.81
7	E04	p6.II.1 3/4	40.37079	35,564.50	111,192.81	197,745.30
7	E05	p6.II.1 3/4	40.37079	34,340.63	109,229.62	194,253.96
7	E06	p6.II.1 3/4	40.37079	40,009.33	113,366.23	201,610.50
7	E07	p6.II.1 5/6	40.37079	29,804.00	101,151.68	179,888.15
7	E08	p6.II.1 5/6	40.37079	27,689.35	96,081.68	170,871.67
7	E09	p6.II.1 5/6	40.37079	40,824.51	108,312.27	192,622.53
7	E10	p6.II.1 5/6	40.37079	25,614.54	117,478.58	208,923.91
7	E11	p6.II.1 5/6	40.37079	0	0	0
7	E12	p6.II.1 5/6	40.37079	0	0	0
7	F01	p3.II.2 3/4	40.37079	28,928.49	60,982.66	108,451.57
7	F02	p3.II.2 3/4	40.37079	40,933.63	89,369.19	158,934.17
7	F03	p3.II.2 3/4	40.37079	45,890.27	92,470.73	164,449.95
7	F04	p3.II.2 3/4	40.37079	43,521.33	93,415.44	166,130.01
7	F05	p3.II.2 3/4	40.37079	37,669.05	88,902.23	158,103.72
7	F06	p3.II.2 3/4	40.37079	37,053.90	93,974.35	167,123.98
7	F07	p3.II.2 5/6	40.37079	47,625.39	71,959.34	127,972.49
7	F08	p3.II.2 5/6	40.37079	57,642.12	80,307.24	142,818.40
7	F09	p3.II.2 5/6	40.37079	36,863.56	75,810.75	134,821.83
7	F10	p3.II.2 5/6	40.37079	34,800.20	85,951.50	152,856.14
7	F11	p3.II.2 5/6	40.37079	37,112.86	65,555.40	116,583.72
7	F12	p3.II.2 5/6	40.37079	21,974.17	62,132.88	110,497.11
7	H01	Background	40.37079	0	0	0
7	H02	Background	40.37079	0	0	0
7	H03	Background	40.37079	0	0	0
7	H04	Background	40.37079	0	0	0
7	H05	Background	40.37079	0	0	0
7	H06	Background	40.37079	0	0	0
7	H07	Background	40.37079	0	0	0
7	H08	Background	40.37079	0	0	0
7	H09	Background	40.37079	0	0	0
7	H10	Background	40.37079	0	0	0
7	H11	Background	40.37079	0	0	0
7	H12	Background	40.37079	0	0	0
8	A01	Background	46.95816	0	0	0
8	A02	Background	46.95816	0	0	0
8	A03	Background	46.95816	0	0	0
8	A04	Background	46.95816	0	0	0
8	A05	Background	46.95816	0	0	0
8	A06	Background	46.95816	0	0	0
8	A07	Background	46.95816	0	0	0
8	A08	Background	46.95816	0	0	0
8	A09	Background	46.95816	0	0	0
8	A10	Background	46.95816	0	0	0
8	A11	Background	46.95816	0	0	0
8	A12	Background	46.95816	0	0	0
8	B01	c1 3/4	46.95816	218,407.87	113,238.77	201,383.83
8	B02	c1 3/4	46.95816	186,351.04	113,529.43	201,900.74
8	B03	c1 3/4	46.95816	238,795.69	130,626.42	232,306.03
8	B04	c1 3/4	46.95816	214,775.91	120,293.81	213,930.51
8	B05	c1 3/4	46.95816	220,783.39	122,277.82	217,458.88
8	B06	c1 3/4	46.95816	221,744.84	115,137.18	204,759.97
8	B07	c1 5/6	46.95816	222,014.52	146,492.66	260,522.54
8	B08	c1 5/6	46.95816	243,056.71	135,269.59	240,563.43
8	B09	c1 5/6	46.95816	227,720.16	145,823.64	259,332.76
8	B10	c1 5/6	46.95816	233,858.26	160,304.35	285,085.25
8	B11	c1 5/6	46.95816	216,422.15	149,929.62	266,634.84
8	B12	c1 5/6	46.95816	185,947.96	139,583.30	248,234.94
8	C01	c3 3/4	46.95816	134,431.05	94,707.29	168,427.45
8	C02	c3 3/4	46.95816	176,188.44	83,158.13	147,888.42
8	C03	c3 3/4	46.95816	165,160.59	74,100.81	131,780.88
8	C04	c3 3/4	46.95816	232,801.22	103,256.66	183,631.64
8	C05	c3 3/4	46.95816	180,489.06	142,595.15	253,591.21
8	C06	c3 3/4	46.95816	153,491.12	109,475.98	194,692.09
8	C07	c3 5/6	46.95816	233,390.91	109,303.68	194,385.67
8	C08	c3 5/6	46.95816	187,971.04	116,449.94	207,094.57
8	C09	c3 5/6	46.95816	183,286.03	91,727.05	163,127.39
8	C10	c3 5/6	46.95816	246,351.31	135,502.79	240,978.17
8	C11	c3 5/6	46.95816	159,696.18	113,681.62	202,171.39
8	C12	c3 5/6	46.95816	118,631.28	98,555.98	175,271.96
8	D01	c2 3/4	46.95816	185,221.39	91,372.69	162,497.19
8	D02	c2 3/4	46.95816	206,495.91	115,137.21	204,760.02
8	D03	c2 3/4	46.95816	254,356.96	127,429.51	226,620.64
8	D04	c2 3/4	46.95816	239,427.04	124,491.53	221,395.74
8	D05	c2 3/4	46.95816	259,963.05	139,720.28	248,478.55
8	D06	c2 3/4	46.95816	230,495.07	127,020.36	225,893.01
8	D07	c2 5/6	46.95816	233,469.37	123,834.67	220,227.58
8	D08	c2 5/6	46.95816	257,230.56	149,376.42	265,651.03
8	D09	c2 5/6	46.95816	268,149.14	110,992.87	197,389.71
8	D10	c2 5/6	46.95816	249,820.93	134,696.76	239,544.73
8	D11	c2 5/6	46.95816	229,308.11	116,582.20	207,329.78
8	D12	c2 5/6	46.95816	140,393.03	89,472.24	159,117.43
8	E01	p6.II.1 3/4	46.95816	111,198.83	100,558.78	178,833.74
8	E02	p6.II.1 3/4	46.95816	139,939.95	104,748.22	186,284.24
8	E03	p6.II.1 3/4	46.95816	132,228.03	104,458.28	185,768.61
8	E04	p6.II.1 3/4	46.95816	131,777.65	116,788.36	207,696.41
8	E05	p6.II.1 3/4	46.95816	139,482.47	123,032.15	218,800.37
8	E06	p6.II.1 3/4	46.95816	143,640.72	119,344.67	212,242.56
8	E07	p6.II.1 5/6	46.95816	124,700.07	112,603.36	200,253.81
8	E08	p6.II.1 5/6	46.95816	123,979.76	95,676.18	170,150.53
8	E09	p6.II.1 5/6	46.95816	137,861.49	124,485.59	221,385.17
8	E10	p6.II.1 5/6	46.95816	125,610.44	126,117.29	224,286.99
8	E11	p6.II.1 5/6	46.95816	0	0	0
8	E12	p6.II.1 5/6	46.95816	0	0	0
8	F01	p3.II.2 3/4	46.95816	100,398.36	50,523.62	89,851.21
8	F02	p3.II.2 3/4	46.95816	103,934.50	86,343.33	153,552.98
8	F03	p3.II.2 3/4	46.95816	145,646.61	82,316.66	146,391.94
8	F04	p3.II.2 3/4	46.95816	113,364.26	72,742.04	129,364.44
8	F05	p3.II.2 3/4	46.95816	120,371.92	70,718.80	125,766.32
8	F06	p3.II.2 3/4	46.95816	111,707.04	84,077.93	149,524.19
8	F07	p3.II.2 5/6	46.95816	151,471.56	60,446.72	107,498.45
8	F08	p3.II.2 5/6	46.95816	178,076.36	56,755.23	100,933.50
8	F09	p3.II.2 5/6	46.95816	120,632.73	65,799.65	117,018.10
8	F10	p3.II.2 5/6	46.95816	127,665.47	72,825.83	129,513.45
8	F11	p3.II.2 5/6	46.95816	140,667.94	56,782.73	100,982.42
8	F12	p3.II.2 5/6	46.95816	52,846.78	59,663.18	106,104.99
8	H01	Background	46.95816	0	0	0
8	H02	Background	46.95816	0	0	0
8	H03	Background	46.95816	0	0	0
8	H04	Background	46.95816	0	0	0
8	H05	Background	46.95816	0	0	0
8	H06	Background	46.95816	0	0	0
8	H07	Background	46.95816	0	0	0
8	H08	Background	46.95816	0	0	0
8	H09	Background	46.95816	0	0	0
8	H10	Background	46.95816	0	0	0
8	H11	Background	46.95816	0	0	0
8	H12	Background	46.95816	0	0	0
9	A01	Background	53.43399	0	0	0
9	A02	Background	53.43399	0	0	0
9	A03	Background	53.43399	0	0	0
9	A04	Background	53.43399	0	0	0
9	A05	Background	53.43399	0	0	0
9	A06	Background	53.43399	0	0	0
9	A07	Background	53.43399	0	0	0
9	A08	Background	53.43399	0	0	0
9	A09	Background	53.43399	0	0	0
9	A10	Background	53.43399	0	0	0
9	A11	Background	53.43399	0	0	0
9	A12	Background	53.43399	0	0	0
9	B01	c1 3/4	53.43399	219,556.59	121,882.77	216,756.31
9	B02	c1 3/4	53.43399	190,628.85	122,153.53	217,237.85
9	B03	c1 3/4	53.43399	239,736.96	137,306.58	244,186.02
9	B04	c1 3/4	53.43399	214,830.39	128,509.73	228,541.70
9	B05	c1 3/4	53.43399	227,139.37	129,950.51	231,103.99
9	B06	c1 3/4	53.43399	234,956.85	129,213.43	229,793.16
9	B07	c1 5/6	53.43399	222,576.72	156,206.87	277,798.30
9	B08	c1 5/6	53.43399	233,984.47	151,824.40	270,004.51
9	B09	c1 5/6	53.43399	217,823.86	157,313.74	279,766.76
9	B10	c1 5/6	53.43399	227,038.60	169,929.89	302,203.32
9	B11	c1 5/6	53.43399	213,478.57	165,257.41	293,893.78
9	B12	c1 5/6	53.43399	177,553.49	149,868.61	266,526.34
9	C01	c3 3/4	53.43399	146,384.00	102,337.43	181,996.89
9	C02	c3 3/4	53.43399	178,918.37	106,160.65	188,796.10
9	C03	c3 3/4	53.43399	181,491.99	104,858.82	186,480.92
9	C04	c3 3/4	53.43399	227,718.69	118,580.05	210,882.75
9	C05	c3 3/4	53.43399	191,629.13	159,898.61	284,363.69
9	C06	c3 3/4	53.43399	169,216.25	133,730.83	237,826.91
9	C07	c3 5/6	53.43399	246,943.12	140,487.33	249,842.67
9	C08	c3 5/6	53.43399	209,024.45	142,899.78	254,132.97
9	C09	c3 5/6	53.43399	180,362.75	121,421.05	215,935.19
9	C10	c3 5/6	53.43399	237,014.22	155,849.43	277,162.63
9	C11	c3 5/6	53.43399	169,253.90	138,353.78	246,048.36
9	C12	c3 5/6	53.43399	119,255.97	107,480.68	191,143.64
9	D01	c2 3/4	53.43399	184,424.84	100,662.87	179,018.86
9	D02	c2 3/4	53.43399	206,701.73	118,052.69	209,944.91
9	D03	c2 3/4	53.43399	229,375.82	130,614.83	232,285.41
9	D04	c2 3/4	53.43399	225,164.64	130,124.89	231,414.10
9	D05	c2 3/4	53.43399	237,471.45	134,733.40	239,609.88
9	D06	c2 3/4	53.43399	224,379.95	130,133.52	231,429.45
9	D07	c2 5/6	53.43399	237,853.60	129,991.70	231,177.25
9	D08	c2 5/6	53.43399	257,130.22	158,538.30	281,944.51
9	D09	c2 5/6	53.43399	255,872.84	128,130.39	227,867.08
9	D10	c2 5/6	53.43399	236,179.95	143,658.68	255,482.59
9	D11	c2 5/6	53.43399	227,385.99	132,441.43	235,533.85
9	D12	c2 5/6	53.43399	146,266.74	95,731.11	170,248.20
9	E01	p6.II.1 3/4	53.43399	111,393.59	105,070.89	186,858.07
9	E02	p6.II.1 3/4	53.43399	136,447.23	111,641.33	198,542.95
9	E03	p6.II.1 3/4	53.43399	131,058.62	107,369.81	190,946.47
9	E04	p6.II.1 3/4	53.43399	134,023.35	116,099.21	206,470.84
9	E05	p6.II.1 3/4	53.43399	136,957.19	119,170.10	211,932.10
9	E06	p6.II.1 3/4	53.43399	139,335.70	121,225.23	215,586.95
9	E07	p6.II.1 5/6	53.43399	122,087.21	117,232.71	208,486.65
9	E08	p6.II.1 5/6	53.43399	120,556.33	107,128.28	190,516.92
9	E09	p6.II.1 5/6	53.43399	134,269.69	127,449.74	226,656.62
9	E10	p6.II.1 5/6	53.43399	121,046.83	135,591.59	241,136.08
9	E11	p6.II.1 5/6	53.43399	0	0	0
9	E12	p6.II.1 5/6	53.43399	0	0	0
9	F01	p3.II.2 3/4	53.43399	106,218.70	62,267.95	110,737.32
9	F02	p3.II.2 3/4	53.43399	113,582.98	92,007.97	163,626.97
9	F03	p3.II.2 3/4	53.43399	142,308.18	98,158.26	174,564.65
9	F04	p3.II.2 3/4	53.43399	125,768.95	87,846.59	156,226.38
9	F05	p3.II.2 3/4	53.43399	121,289.54	84,111.39	149,583.69
9	F06	p3.II.2 3/4	53.43399	113,863.21	89,579.73	159,308.60
9	F07	p3.II.2 5/6	53.43399	150,670.97	70,174.21	124,797.81
9	F08	p3.II.2 5/6	53.43399	189,811.81	78,604.08	139,789.49
9	F09	p3.II.2 5/6	53.43399	130,825.60	81,577.01	145,076.55
9	F10	p3.II.2 5/6	53.43399	136,883.50	88,283.83	157,003.97
9	F11	p3.II.2 5/6	53.43399	146,032.94	67,189.83	119,490.40
9	F12	p3.II.2 5/6	53.43399	60,574.04	62,242.11	110,691.37
9	H01	Background	53.43399	0	0	0
9	H02	Background	53.43399	0	0	0
9	H03	Background	53.43399	0	0	0
9	H04	Background	53.43399	0	0	0
9	H05	Background	53.43399	0	0	0
9	H06	Background	53.43399	0	0	0
9	H07	Background	53.43399	0	0	0
9	H08	Background	53.43399	0	0	0
9	H09	Background	53.43399	0	0	0
9	H10	Background	53.43399	0	0	0
9	H11	Background	53.43399	0	0	0
9	H12	Background	53.43399	0	0	0
10	A01	Background	59.94961	0	0	0
10	A02	Background	59.94961	0	0	0
10	A03	Background	59.94961	0	0	0
10	A04	Background	59.94961	0	0	0
10	A05	Background	59.94961	0	0	0
10	A06	Background	59.94961	0	0	0
10	A07	Background	59.94961	0	0	0
10	A08	Background	59.94961	0	0	0
10	A09	Background	59.94961	0	0	0
10	A10	Background	59.94961	0	0	0
10	A11	Background	59.94961	0	0	0
10	A12	Background	59.94961	0	0	0
10	B01	c1 3/4	59.94961	219,296.83	129,625.37	230,525.75
10	B02	c1 3/4	59.94961	196,853.11	128,552.56	228,617.87
10	B03	c1 3/4	59.94961	239,464.50	143,351.37	254,936.08
10	B04	c1 3/4	59.94961	217,643.12	135,273.61	240,570.59
10	B05	c1 3/4	59.94961	228,496.20	137,814.96	245,090.13
10	B06	c1 3/4	59.94961	236,074.54	135,664.08	241,265.01
10	B07	c1 5/6	59.94961	215,513.11	165,024.74	293,480.00
10	B08	c1 5/6	59.94961	219,806.90	157,765.39	280,569.98
10	B09	c1 5/6	59.94961	203,802.15	162,402.93	288,817.37
10	B10	c1 5/6	59.94961	217,674.33	177,669.76	315,967.90
10	B11	c1 5/6	59.94961	204,765.96	172,510.84	306,793.28
10	B12	c1 5/6	59.94961	166,084.63	158,278.05	281,481.68
10	C01	c3 3/4	59.94961	158,687.15	119,860.48	213,159.88
10	C02	c3 3/4	59.94961	191,269.68	122,248.59	217,406.90
10	C03	c3 3/4	59.94961	192,594.45	115,977.76	206,254.85
10	C04	c3 3/4	59.94961	237,272.69	130,641.27	232,332.43
10	C05	c3 3/4	59.94961	203,710.14	169,250.46	300,995.01
10	C06	c3 3/4	59.94961	179,447.80	145,971.33	259,595.41
10	C07	c3 5/6	59.94961	256,683.93	156,009.59	277,447.46
10	C08	c3 5/6	59.94961	219,271.66	156,867.25	278,972.71
10	C09	c3 5/6	59.94961	182,105.70	133,154.71	236,802.33
10	C10	c3 5/6	59.94961	239,174.93	165,824.30	294,901.93
10	C11	c3 5/6	59.94961	178,110.11	146,520.17	260,571.48
10	C12	c3 5/6	59.94961	126,748.45	114,771.29	204,109.27
10	D01	c2 3/4	59.94961	193,588.99	106,832.97	189,991.75
10	D02	c2 3/4	59.94961	219,730.96	124,427.82	221,282.43
10	D03	c2 3/4	59.94961	242,562.30	136,117.67	242,071.66
10	D04	c2 3/4	59.94961	239,512.02	137,258.32	244,100.19
10	D05	c2 3/4	59.94961	248,897.56	137,913.37	245,265.13
10	D06	c2 3/4	59.94961	232,332.48	133,656.14	237,694.09
10	D07	c2 5/6	59.94961	240,759.10	137,067.59	243,761.00
10	D08	c2 5/6	59.94961	259,574.58	165,231.81	293,848.25
10	D09	c2 5/6	59.94961	255,188.63	135,723.71	241,371.05
10	D10	c2 5/6	59.94961	237,512.06	148,570.31	264,217.45
10	D11	c2 5/6	59.94961	234,988.90	139,028.03	247,247.44
10	D12	c2 5/6	59.94961	148,692.59	99,436.44	176,837.77
10	E01	p6.II.1 3/4	59.94961	113,645.16	110,210.47	195,998.31
10	E02	p6.II.1 3/4	59.94961	137,263.26	113,707.37	202,217.19
10	E03	p6.II.1 3/4	59.94961	129,236.84	107,292.76	190,809.44
10	E04	p6.II.1 3/4	59.94961	136,608.90	118,249.19	210,294.37
10	E05	p6.II.1 3/4	59.94961	136,869.39	119,444.63	212,420.33
10	E06	p6.II.1 3/4	59.94961	138,678.48	122,237.04	217,386.36
10	E07	p6.II.1 5/6	59.94961	118,405.13	120,100.72	213,587.12
10	E08	p6.II.1 5/6	59.94961	115,564.65	110,373.88	196,288.91
10	E09	p6.II.1 5/6	59.94961	130,123.12	128,686.49	228,856.05
10	E10	p6.II.1 5/6	59.94961	116,933.99	140,169.77	249,277.93
10	E11	p6.II.1 5/6	59.94961	0	0	0
10	E12	p6.II.1 5/6	59.94961	0	0	0
10	F01	p3.II.2 3/4	59.94961	113,148.10	65,360.50	116,237.12
10	F02	p3.II.2 3/4	59.94961	121,867.60	98,294.31	174,806.60
10	F03	p3.II.2 3/4	59.94961	145,865.97	102,074.18	181,528.73
10	F04	p3.II.2 3/4	59.94961	133,147.34	94,684.58	168,387.06
10	F05	p3.II.2 3/4	59.94961	122,987.86	92,381.74	164,291.68
10	F06	p3.II.2 3/4	59.94961	120,634.02	95,107.04	169,138.35
10	F07	p3.II.2 5/6	59.94961	157,512.14	79,022.82	140,534.19
10	F08	p3.II.2 5/6	59.94961	190,721.54	87,604.00	155,794.96
10	F09	p3.II.2 5/6	59.94961	137,889.26	88,072.55	156,628.23
10	F10	p3.II.2 5/6	59.94961	145,083.52	93,667.42	166,578.13
10	F11	p3.II.2 5/6	59.94961	152,942.10	76,417.18	135,900.31
10	F12	p3.II.2 5/6	59.94961	71,189.55	66,258.50	117,834.12
10	H01	Background	59.94961	0	0	0
10	H02	Background	59.94961	0	0	0
10	H03	Background	59.94961	0	0	0
10	H04	Background	59.94961	0	0	0
10	H05	Background	59.94961	0	0	0
10	H06	Background	59.94961	0	0	0
10	H07	Background	59.94961	0	0	0
10	H08	Background	59.94961	0	0	0
10	H09	Background	59.94961	0	0	0
10	H10	Background	59.94961	0	0	0
10	H11	Background	59.94961	0	0	0
10	H12	Background	59.94961	0	0	0
11	A01	Background	66.55388	0	0	0
11	A02	Background	66.55388	0	0	0
11	A03	Background	66.55388	0	0	0
11	A04	Background	66.55388	0	0	0
11	A05	Background	66.55388	0	0	0
11	A06	Background	66.55388	0	0	0
11	A07	Background	66.55388	0	0	0
11	A08	Background	66.55388	0	0	0
11	A09	Background	66.55388	0	0	0
11	A10	Background	66.55388	0	0	0
11	A11	Background	66.55388	0	0	0
11	A12	Background	66.55388	0	0	0
11	B01	c1 3/4	66.55388	193,176.67	144,056.16	256,189.48
11	B02	c1 3/4	66.55388	195,786.38	136,391.53	242,558.70
11	B03	c1 3/4	66.55388	227,974.37	151,765.43	269,899.64
11	B04	c1 3/4	66.55388	219,803.50	144,547.10	257,062.56
11	B05	c1 3/4	66.55388	219,489.60	145,735.70	259,176.36
11	B06	c1 3/4	66.55388	222,386.09	137,431.54	244,408.25
11	B07	c1 5/6	66.55388	196,949.85	173,153.82	307,936.76
11	B08	c1 5/6	66.55388	197,975.83	161,444.04	287,112.08
11	B09	c1 5/6	66.55388	186,585.55	166,936.95	296,880.67
11	B10	c1 5/6	66.55388	203,963.68	185,732.55	330,306.77
11	B11	c1 5/6	66.55388	195,612.27	177,591.10	315,828.02
11	B12	c1 5/6	66.55388	154,654.59	162,760.74	289,453.70
11	C01	c3 3/4	66.55388	176,118.10	128,378.27	228,307.92
11	C02	c3 3/4	66.55388	217,349.51	117,941.57	209,747.29
11	C03	c3 3/4	66.55388	225,129.61	113,689.40	202,185.22
11	C04	c3 3/4	66.55388	254,526.37	133,104.51	236,713.06
11	C05	c3 3/4	66.55388	234,735.26	181,521.51	322,817.86
11	C06	c3 3/4	66.55388	214,538.98	140,092.65	249,140.76
11	C07	c3 5/6	66.55388	271,670.64	146,702.99	260,896.59
11	C08	c3 5/6	66.55388	235,397.19	149,797.74	266,400.30
11	C09	c3 5/6	66.55388	195,858.82	116,639.49	207,431.67
11	C10	c3 5/6	66.55388	249,421.92	168,406.92	299,494.86
11	C11	c3 5/6	66.55388	191,282.04	146,860.29	261,176.35
11	C12	c3 5/6	66.55388	140,244.14	117,028.87	208,124.14
11	D01	c2 3/4	66.55388	190,142.71	111,079.48	197,543.75
11	D02	c2 3/4	66.55388	255,458.36	132,623.29	235,857.26
11	D03	c2 3/4	66.55388	291,952.88	145,491.57	258,742.21
11	D04	c2 3/4	66.55388	272,813.38	146,076.44	259,782.34
11	D05	c2 3/4	66.55388	290,243.07	158,003.27	280,993.02
11	D06	c2 3/4	66.55388	266,816.98	143,480.91	255,166.45
11	D07	c2 5/6	66.55388	250,800.54	144,232.98	256,503.92
11	D08	c2 5/6	66.55388	260,895.63	170,241.07	302,756.72
11	D09	c2 5/6	66.55388	259,415.00	127,619.64	226,958.76
11	D10	c2 5/6	66.55388	241,788.21	148,634.95	264,332.39
11	D11	c2 5/6	66.55388	237,227.04	135,137.19	240,327.98
11	D12	c2 5/6	66.55388	144,853.49	98,353.69	174,912.20
11	E01	p6.II.1 3/4	66.55388	111,089.30	116,762.81	207,650.98
11	E02	p6.II.1 3/4	66.55388	133,393.24	121,386.63	215,873.99
11	E03	p6.II.1 3/4	66.55388	124,355.77	121,299.67	215,719.34
11	E04	p6.II.1 3/4	66.55388	133,537.98	134,213.08	238,684.54
11	E05	p6.II.1 3/4	66.55388	132,656.59	137,738.96	244,954.96
11	E06	p6.II.1 3/4	66.55388	136,973.22	134,824.38	239,771.68
11	E07	p6.II.1 5/6	66.55388	111,795.06	126,572.90	225,097.25
11	E08	p6.II.1 5/6	66.55388	107,650.36	110,016.75	195,653.79
11	E09	p6.II.1 5/6	66.55388	126,359.06	136,377.91	242,534.48
11	E10	p6.II.1 5/6	66.55388	111,926.77	140,586.83	250,019.62
11	E11	p6.II.1 5/6	66.55388	0	0	0
11	E12	p6.II.1 5/6	66.55388	0	0	0
11	F01	p3.II.2 3/4	66.55388	119,095.58	68,743.58	122,253.57
11	F02	p3.II.2 3/4	66.55388	134,331.74	98,778.84	175,668.29
11	F03	p3.II.2 3/4	66.55388	159,813.16	97,819.80	173,962.73
11	F04	p3.II.2 3/4	66.55388	154,975.61	87,305.05	155,263.29
11	F05	p3.II.2 3/4	66.55388	152,634.79	92,541.62	164,576.02
11	F06	p3.II.2 3/4	66.55388	143,506.83	99,771.78	177,434.14
11	F07	p3.II.2 5/6	66.55388	167,431.75	75,342.92	133,989.84
11	F08	p3.II.2 5/6	66.55388	195,352.34	77,369.24	137,593.46
11	F09	p3.II.2 5/6	66.55388	159,267.71	84,911.96	151,007.43
11	F10	p3.II.2 5/6	66.55388	162,632.98	93,437.76	166,169.72
11	F11	p3.II.2 5/6	66.55388	158,365.85	69,225.68	123,110.96
11	F12	p3.II.2 5/6	66.55388	83,278.24	61,801.22	109,907.29
11	H01	Background	66.55388	0	0	0
11	H02	Background	66.55388	0	0	0
11	H03	Background	66.55388	0	0	0
11	H04	Background	66.55388	0	0	0
11	H05	Background	66.55388	0	0	0
11	H06	Background	66.55388	0	0	0
11	H07	Background	66.55388	0	0	0
11	H08	Background	66.55388	0	0	0
11	H09	Background	66.55388	0	0	0
11	H10	Background	66.55388	0	0	0
11	H11	Background	66.55388	0	0	0
11	H12	Background	66.55388	0	0	0
12	A01	Background	73.03751	0	0	0
12	A02	Background	73.03751	0	0	0
12	A03	Background	73.03751	0	0	0
12	A04	Background	73.03751	0	0	0
12	A05	Background	73.03751	0	0	0
12	A06	Background	73.03751	0	0	0
12	A07	Background	73.03751	0	0	0
12	A08	Background	73.03751	0	0	0
12	A09	Background	73.03751	0	0	0
12	A10	Background	73.03751	0	0	0
12	A11	Background	73.03751	0	0	0
12	A12	Background	73.03751	0	0	0
12	B01	c1 3/4	73.03751	188,950.75	144,540.20	257,050.29
12	B02	c1 3/4	73.03751	192,935.59	138,950.23	247,109.09
12	B03	c1 3/4	73.03751	222,900.98	153,568.80	273,106.75
12	B04	c1 3/4	73.03751	214,606.33	149,980.90	266,726.03
12	B05	c1 3/4	73.03751	216,304.80	149,336.71	265,580.41
12	B06	c1 3/4	73.03751	219,242.77	142,526.06	253,468.34
12	B07	c1 5/6	73.03751	188,283.16	174,285.20	309,948.79
12	B08	c1 5/6	73.03751	191,188.97	164,388.09	292,347.78
12	B09	c1 5/6	73.03751	178,760.73	168,845.33	300,274.53
12	B10	c1 5/6	73.03751	195,909.26	186,812.35	332,227.08
12	B11	c1 5/6	73.03751	188,403.37	181,138.92	322,137.46
12	B12	c1 5/6	73.03751	148,276.21	163,329.38	290,464.97
12	C01	c3 3/4	73.03751	179,370.79	126,744.52	225,402.45
12	C02	c3 3/4	73.03751	223,195.49	126,028.04	224,128.26
12	C03	c3 3/4	73.03751	229,130.21	125,854.06	223,818.85
12	C04	c3 3/4	73.03751	253,999.84	137,002.01	243,644.37
12	C05	c3 3/4	73.03751	241,311.58	180,793.77	321,523.64
12	C06	c3 3/4	73.03751	215,534.79	148,508.18	264,106.95
12	C07	c3 5/6	73.03751	268,854.03	159,850.40	284,277.95
12	C08	c3 5/6	73.03751	232,772.65	159,667.83	283,953.26
12	C09	c3 5/6	73.03751	193,085.75	127,400.68	226,569.37
12	C10	c3 5/6	73.03751	245,716.11	172,389.57	306,577.60
12	C11	c3 5/6	73.03751	189,291.24	153,851.31	273,609.16
12	C12	c3 5/6	73.03751	142,722.75	118,691.75	211,081.42
12	D01	c2 3/4	73.03751	190,860.29	115,475.62	205,361.84
12	D02	c2 3/4	73.03751	255,423.32	135,040.28	240,155.63
12	D03	c2 3/4	73.03751	291,557.98	147,218.70	261,813.74
12	D04	c2 3/4	73.03751	270,772.20	147,143.59	261,680.16
12	D05	c2 3/4	73.03751	286,779.61	151,913.06	270,162.19
12	D06	c2 3/4	73.03751	264,399.21	144,008.46	256,104.65
12	D07	c2 5/6	73.03751	247,691.04	142,452.55	253,337.61
12	D08	c2 5/6	73.03751	259,199.19	166,766.72	296,577.93
12	D09	c2 5/6	73.03751	256,021.08	128,265.97	228,108.20
12	D10	c2 5/6	73.03751	236,936.92	150,114.06	266,962.84
12	D11	c2 5/6	73.03751	233,273.25	140,321.82	249,548.33
12	D12	c2 5/6	73.03751	142,379.53	100,452.03	178,643.88
12	E01	p6.II.1 3/4	73.03751	110,096.11	117,370.67	208,731.99
12	E02	p6.II.1 3/4	73.03751	130,840.50	121,587.48	216,231.18
12	E03	p6.II.1 3/4	73.03751	122,173.69	118,926.52	211,498.92
12	E04	p6.II.1 3/4	73.03751	131,165.63	130,332.73	231,783.73
12	E05	p6.II.1 3/4	73.03751	130,555.64	132,220.11	235,140.25
12	E06	p6.II.1 3/4	73.03751	134,781.62	131,346.98	233,587.46
12	E07	p6.II.1 5/6	73.03751	107,327.40	125,974.75	224,033.50
12	E08	p6.II.1 5/6	73.03751	103,543.40	112,365.26	199,830.38
12	E09	p6.II.1 5/6	73.03751	122,397.22	134,266.47	238,779.49
12	E10	p6.II.1 5/6	73.03751	106,427.59	143,762.11	255,666.54
12	E11	p6.II.1 5/6	73.03751	0	0	0
12	E12	p6.II.1 5/6	73.03751	0	0	0
12	F01	p3.II.2 3/4	73.03751	122,567.92	66,830.14	118,850.72
12	F02	p3.II.2 3/4	73.03751	140,022.30	99,007.73	176,075.34
12	F03	p3.II.2 3/4	73.03751	161,667.52	101,659.23	180,790.77
12	F04	p3.II.2 3/4	73.03751	154,893.09	94,259.18	167,630.53
12	F05	p3.II.2 3/4	73.03751	153,163.58	96,807.58	172,162.59
12	F06	p3.II.2 3/4	73.03751	145,728.40	99,308.89	176,610.93
12	F07	p3.II.2 5/6	73.03751	169,888.60	78,705.84	139,970.46
12	F08	p3.II.2 5/6	73.03751	193,886.71	83,540.20	148,567.89
12	F09	p3.II.2 5/6	73.03751	159,762.01	87,407.18	155,444.94
12	F10	p3.II.2 5/6	73.03751	162,866.58	97,599.65	173,571.22
12	F11	p3.II.2 5/6	73.03751	158,129.15	72,684.19	129,261.57
12	F12	p3.II.2 5/6	73.03751	82,453.64	65,063.52	115,708.97
12	H01	Background	73.03751	0	0	0
12	H02	Background	73.03751	0	0	0
12	H03	Background	73.03751	0	0	0
12	H04	Background	73.03751	0	0	0
12	H05	Background	73.03751	0	0	0
12	H06	Background	73.03751	0	0	0
12	H07	Background	73.03751	0	0	0
12	H08	Background	73.03751	0	0	0
12	H09	Background	73.03751	0	0	0
12	H10	Background	73.03751	0	0	0
12	H11	Background	73.03751	0	0	0
12	H12	Background	73.03751	0	0	0
13	A01	Background	79.5383	0	0	0
13	A02	Background	79.5383	0	0	0
13	A03	Background	79.5383	0	0	0
13	A04	Background	79.5383	0	0	0
13	A05	Background	79.5383	0	0	0
13	A06	Background	79.5383	0	0	0
13	A07	Background	79.5383	0	0	0
13	A08	Background	79.5383	0	0	0
13	A09	Background	79.5383	0	0	0
13	A10	Background	79.5383	0	0	0
13	A11	Background	79.5383	0	0	0
13	A12	Background	79.5383	0	0	0
13	B01	c1 3/4	79.5383	185,900.07	144,969.79	257,814.27
13	B02	c1 3/4	79.5383	186,966.95	140,435.13	249,749.84
13	B03	c1 3/4	79.5383	217,825.82	157,021.08	279,246.28
13	B04	c1 3/4	79.5383	211,363.91	150,412.47	267,493.54
13	B05	c1 3/4	79.5383	211,466.53	150,903.88	268,367.45
13	B06	c1 3/4	79.5383	213,912.23	144,686.19	257,309.92
13	B07	c1 5/6	79.5383	181,171.97	176,923.32	314,640.43
13	B08	c1 5/6	79.5383	185,230.96	165,715.11	294,707.75
13	B09	c1 5/6	79.5383	171,093.42	171,787.45	305,506.79
13	B10	c1 5/6	79.5383	189,691.69	187,959.07	334,266.41
13	B11	c1 5/6	79.5383	181,312.02	181,907.69	323,504.63
13	B12	c1 5/6	79.5383	140,910.54	165,883.38	295,007.01
13	C01	c3 3/4	79.5383	187,722.17	125,081.66	222,445.22
13	C02	c3 3/4	79.5383	225,820.43	126,531.82	225,024.18
13	C03	c3 3/4	79.5383	235,230.94	127,786.34	227,255.22
13	C04	c3 3/4	79.5383	255,572.67	142,141.01	252,783.57
13	C05	c3 3/4	79.5383	246,100.83	183,117.05	325,655.35
13	C06	c3 3/4	79.5383	218,961.99	153,147.78	272,358.02
13	C07	c3 5/6	79.5383	269,941.07	160,093.17	284,709.70
13	C08	c3 5/6	79.5383	234,725.45	164,552.75	292,640.62
13	C09	c3 5/6	79.5383	193,004.30	132,222.26	235,144.07
13	C10	c3 5/6	79.5383	246,287.94	174,552.06	310,423.39
13	C11	c3 5/6	79.5383	194,674.68	154,768.90	275,241.01
13	C12	c3 5/6	79.5383	146,880.45	119,412.73	212,363.59
13	D01	c2 3/4	79.5383	194,386.92	118,386.82	210,539.11
13	D02	c2 3/4	79.5383	256,326.10	136,666.55	243,047.79
13	D03	c2 3/4	79.5383	295,670.48	149,984.31	266,732.09
13	D04	c2 3/4	79.5383	274,356.38	151,155.76	268,815.40
13	D05	c2 3/4	79.5383	288,993.75	153,397.62	272,802.33
13	D06	c2 3/4	79.5383	264,438.12	144,962.91	257,802.03
13	D07	c2 5/6	79.5383	245,365.81	143,287.79	254,823.01
13	D08	c2 5/6	79.5383	255,453.09	168,293.68	299,293.48
13	D09	c2 5/6	79.5383	251,894.72	129,614.91	230,507.15
13	D10	c2 5/6	79.5383	235,018.02	152,490.28	271,188.71
13	D11	c2 5/6	79.5383	231,984.24	140,994.77	250,745.09
13	D12	c2 5/6	79.5383	141,519.84	101,340.02	180,223.08
13	E01	p6.II.1 3/4	79.5383	108,214.89	117,159.64	208,356.70
13	E02	p6.II.1 3/4	79.5383	128,808.80	121,639.19	216,323.13
13	E03	p6.II.1 3/4	79.5383	118,078.49	118,238.58	210,275.49
13	E04	p6.II.1 3/4	79.5383	127,790.87	130,929.22	232,844.53
13	E05	p6.II.1 3/4	79.5383	126,629.97	131,086.19	233,123.68
13	E06	p6.II.1 3/4	79.5383	131,120.60	131,175.23	233,282.02
13	E07	p6.II.1 5/6	79.5383	102,945.65	126,727.72	225,372.58
13	E08	p6.II.1 5/6	79.5383	100,346.94	114,270.54	203,218.72
13	E09	p6.II.1 5/6	79.5383	117,411.61	131,628.06	234,087.34
13	E10	p6.II.1 5/6	79.5383	104,278.62	144,608.22	257,171.27
13	E11	p6.II.1 5/6	79.5383	0	0	0
13	E12	p6.II.1 5/6	79.5383	0	0	0
13	F01	p3.II.2 3/4	79.5383	127,363.78	69,437.42	123,487.51
13	F02	p3.II.2 3/4	79.5383	146,367.60	100,792.96	179,250.20
13	F03	p3.II.2 3/4	79.5383	168,750.70	104,934.32	186,615.19
13	F04	p3.II.2 3/4	79.5383	161,561.90	98,763.67	175,641.30
13	F05	p3.II.2 3/4	79.5383	159,145.73	99,675.81	177,263.46
13	F06	p3.II.2 3/4	79.5383	147,721.00	101,912.41	181,241.03
13	F07	p3.II.2 5/6	79.5383	170,740.10	81,562.83	145,051.34
13	F08	p3.II.2 5/6	79.5383	191,267.63	87,236.21	155,140.88
13	F09	p3.II.2 5/6	79.5383	162,401.30	90,858.87	161,583.41
13	F10	p3.II.2 5/6	79.5383	166,537.38	99,258.45	176,521.22
13	F11	p3.II.2 5/6	79.5383	159,728.55	76,099.96	135,336.17
13	F12	p3.II.2 5/6	79.5383	86,692.81	67,285.54	119,660.60
13	H01	Background	79.5383	0	0	0
13	H02	Background	79.5383	0	0	0
13	H03	Background	79.5383	0	0	0
13	H04	Background	79.5383	0	0	0
13	H05	Background	79.5383	0	0	0
13	H06	Background	79.5383	0	0	0
13	H07	Background	79.5383	0	0	0
13	H08	Background	79.5383	0	0	0
13	H09	Background	79.5383	0	0	0
13	H10	Background	79.5383	0	0	0
13	H11	Background	79.5383	0	0	0
13	H12	Background	79.5383	0	0	0
14	A01	Background	86.11163	0	0	0
14	A02	Background	86.11163	0	0	0
14	A03	Background	86.11163	0	0	0
14	A04	Background	86.11163	0	0	0
14	A05	Background	86.11163	0	0	0
14	A06	Background	86.11163	0	0	0
14	A07	Background	86.11163	0	0	0
14	A08	Background	86.11163	0	0	0
14	A09	Background	86.11163	0	0	0
14	A10	Background	86.11163	0	0	0
14	A11	Background	86.11163	0	0	0
14	A12	Background	86.11163	0	0	0
14	B01	c1 3/4	86.11163	31,627.06	134,234.25	238,722.19
14	B02	c1 3/4	86.11163	-25,360.73	133,074.77	236,660.16
14	B03	c1 3/4	86.11163	38,938.55	147,974.44	263,157.74
14	B04	c1 3/4	86.11163	40,103.58	140,351.25	249,600.66
14	B05	c1 3/4	86.11163	37,534.25	143,500.58	255,201.43
14	B06	c1 3/4	86.11163	38,364.68	132,499.43	235,636.98
14	B07	c1 5/6	86.11163	34,625.84	172,320.80	306,455.31
14	B08	c1 5/6	86.11163	41,297.22	156,370.63	278,089.53
14	B09	c1 5/6	86.11163	28,236.45	163,072.59	290,008.29
14	B10	c1 5/6	86.11163	36,374.30	183,389.21	326,139.36
14	B11	c1 5/6	86.11163	26,534.88	176,506.71	313,899.53
14	B12	c1 5/6	86.11163	26,918.67	160,789.40	285,947.87
14	C01	c3 3/4	86.11163	32,507.39	122,024.06	217,007.59
14	C02	c3 3/4	86.11163	52,395.66	117,081.00	208,216.84
14	C03	c3 3/4	86.11163	61,207.61	111,975.83	199,137.82
14	C04	c3 3/4	86.11163	49,358.03	131,870.34	234,518.21
14	C05	c3 3/4	86.11163	61,989.42	183,696.21	326,685.34
14	C06	c3 3/4	86.11163	57,207.22	147,159.17	261,707.87
14	C07	c3 5/6	86.11163	97,496.75	145,660.61	259,042.82
14	C08	c3 5/6	86.11163	39,961.14	144,469.95	256,925.37
14	C09	c3 5/6	86.11163	37,501.26	115,176.49	204,829.86
14	C10	c3 5/6	86.11163	65,460.78	156,906.42	279,042.38
14	C11	c3 5/6	86.11163	25,688.36	143,556.50	255,300.88
14	C12	c3 5/6	86.11163	34,300.60	115,895.86	206,109.20
14	D01	c2 3/4	86.11163	39,832.09	99,055.89	176,161.00
14	D02	c2 3/4	86.11163	47,035.50	120,625.41	214,520.23
14	D03	c2 3/4	86.11163	52,266.12	134,112.44	238,505.57
14	D04	c2 3/4	86.11163	44,510.30	132,431.12	235,515.51
14	D05	c2 3/4	86.11163	38,912.61	141,747.36	252,083.50
14	D06	c2 3/4	86.11163	31,762.31	129,832.02	230,893.26
14	D07	c2 5/6	86.11163	47,738.85	129,060.68	229,521.51
14	D08	c2 5/6	86.11163	38,063.60	156,432.58	278,199.69
14	D09	c2 5/6	86.11163	48,361.40	112,046.22	199,262.99
14	D10	c2 5/6	86.11163	25,993.67	135,400.44	240,796.14
14	D11	c2 5/6	86.11163	18,905.29	123,654.95	219,907.97
14	D12	c2 5/6	86.11163	13,692.82	91,415.35	162,573.05
14	E01	p6.II.1 3/4	86.11163	17,920.05	112,317.18	199,744.87
14	E02	p6.II.1 3/4	86.11163	24,756.78	119,836.01	213,116.36
14	E03	p6.II.1 3/4	86.11163	21,607.10	118,501.38	210,742.85
14	E04	p6.II.1 3/4	86.11163	26,403.87	130,894.75	232,783.23
14	E05	p6.II.1 3/4	86.11163	24,089.10	133,796.29	237,943.33
14	E06	p6.II.1 3/4	86.11163	30,930.74	131,042.74	233,046.42
14	E07	p6.II.1 5/6	86.11163	17,395.09	125,246.95	222,739.18
14	E08	p6.II.1 5/6	86.11163	19,076.95	111,266.13	197,875.69
14	E09	p6.II.1 5/6	86.11163	32,178.20	135,056.43	240,184.35
14	E10	p6.II.1 5/6	86.11163	14,570.98	142,735.68	253,841.14
14	E11	p6.II.1 5/6	86.11163	0	0	0
14	E12	p6.II.1 5/6	86.11163	0	0	0
14	F01	p3.II.2 3/4	86.11163	26,674.34	65,952.11	117,289.23
14	F02	p3.II.2 3/4	86.11163	36,555.73	102,892.72	182,984.41
14	F03	p3.II.2 3/4	86.11163	43,433.96	102,317.90	181,962.15
14	F04	p3.II.2 3/4	86.11163	39,339.95	96,192.90	171,069.46
14	F05	p3.II.2 3/4	86.11163	24,114.39	94,625.71	168,282.36
14	F06	p3.II.2 3/4	86.11163	33,556.07	104,707.78	186,212.32
14	F07	p3.II.2 5/6	86.11163	42,478.72	73,345.77	130,438.12
14	F08	p3.II.2 5/6	86.11163	54,097.53	75,038.41	133,448.31
14	F09	p3.II.2 5/6	86.11163	31,426.36	82,215.16	146,211.44
14	F10	p3.II.2 5/6	86.11163	33,756.14	94,299.50	167,702.23
14	F11	p3.II.2 5/6	86.11163	34,548.49	69,162.37	122,998.36
14	F12	p3.II.2 5/6	86.11163	21,534.82	67,770.58	120,523.20
14	H01	Background	86.11163	0	0	0
14	H02	Background	86.11163	0	0	0
14	H03	Background	86.11163	0	0	0
14	H04	Background	86.11163	0	0	0
14	H05	Background	86.11163	0	0	0
14	H06	Background	86.11163	0	0	0
14	H07	Background	86.11163	0	0	0
14	H08	Background	86.11163	0	0	0
14	H09	Background	86.11163	0	0	0
14	H10	Background	86.11163	0	0	0
14	H11	Background	86.11163	0	0	0
14	H12	Background	86.11163	0	0	0
15	A01	Background	92.6171	0	0	0
15	A02	Background	92.6171	0	0	0
15	A03	Background	92.6171	0	0	0
15	A04	Background	92.6171	0	0	0
15	A05	Background	92.6171	0	0	0
15	A06	Background	92.6171	0	0	0
15	A07	Background	92.6171	0	0	0
15	A08	Background	92.6171	0	0	0
15	A09	Background	92.6171	0	0	0
15	A10	Background	92.6171	0	0	0
15	A11	Background	92.6171	0	0	0
15	A12	Background	92.6171	0	0	0
15	B01	c1 3/4	92.6171	31,493.05	132,494.79	235,628.73
15	B02	c1 3/4	92.6171	-28,304.39	129,918.07	231,046.30
15	B03	c1 3/4	92.6171	35,797.72	147,427.27	262,184.65
15	B04	c1 3/4	92.6171	38,393.45	140,913.34	250,600.28
15	B05	c1 3/4	92.6171	36,511.74	141,448.30	251,551.66
15	B06	c1 3/4	92.6171	35,276.82	136,221.50	242,256.31
15	B07	c1 5/6	92.6171	33,884.43	169,323.96	301,125.73
15	B08	c1 5/6	92.6171	39,942.91	158,811.37	282,430.15
15	B09	c1 5/6	92.6171	28,328.90	162,577.83	289,128.41
15	B10	c1 5/6	92.6171	34,350.98	181,407.73	322,615.51
15	B11	c1 5/6	92.6171	24,747.64	176,653.24	314,160.12
15	B12	c1 5/6	92.6171	25,131.84	160,660.67	285,718.94
15	C01	c3 3/4	92.6171	29,426.41	115,668.35	205,704.59
15	C02	c3 3/4	92.6171	50,741.64	118,523.75	210,782.64
15	C03	c3 3/4	92.6171	58,447.15	117,081.32	208,217.42
15	C04	c3 3/4	92.6171	47,930.48	136,048.27	241,948.24
15	C05	c3 3/4	92.6171	58,407.82	177,589.59	315,825.32
15	C06	c3 3/4	92.6171	54,238.86	143,670.34	255,503.34
15	C07	c3 5/6	92.6171	96,072.11	144,373.18	256,753.27
15	C08	c3 5/6	92.6171	36,069.59	147,103.57	261,608.98
15	C09	c3 5/6	92.6171	37,128.63	117,829.96	209,548.80
15	C10	c3 5/6	92.6171	62,633.28	155,614.47	276,744.78
15	C11	c3 5/6	92.6171	29,445.85	140,102.95	249,159.09
15	C12	c3 5/6	92.6171	30,231.33	111,510.39	198,310.07
15	D01	c2 3/4	92.6171	41,205.09	96,610.83	171,812.70
15	D02	c2 3/4	92.6171	44,409.35	119,650.07	212,785.68
15	D03	c2 3/4	92.6171	49,507.27	130,761.69	232,546.58
15	D04	c2 3/4	92.6171	44,258.20	135,890.16	241,667.06
15	D05	c2 3/4	92.6171	43,975.00	135,508.14	240,987.67
15	D06	c2 3/4	92.6171	33,072.60	126,603.81	225,152.21
15	D07	c2 5/6	92.6171	46,880.95	126,107.35	224,269.31
15	D08	c2 5/6	92.6171	37,989.61	148,278.89	263,699.17
15	D09	c2 5/6	92.6171	47,260.59	112,331.66	199,770.62
15	D10	c2 5/6	92.6171	27,790.30	131,190.43	233,309.06
15	D11	c2 5/6	92.6171	19,383.05	121,963.52	216,899.92
15	D12	c2 5/6	92.6171	12,626.96	88,116.67	156,706.69
15	E01	p6.II.1 3/4	92.6171	17,133.70	110,928.11	197,274.55
15	E02	p6.II.1 3/4	92.6171	23,967.95	118,430.99	210,617.67
15	E03	p6.II.1 3/4	92.6171	20,478.48	116,187.85	206,628.46
15	E04	p6.II.1 3/4	92.6171	26,113.25	127,340.78	226,462.85
15	E05	p6.II.1 3/4	92.6171	24,272.58	128,623.62	228,744.25
15	E06	p6.II.1 3/4	92.6171	30,976.02	127,240.16	226,283.89
15	E07	p6.II.1 5/6	92.6171	16,749.74	124,203.81	220,884.05
15	E08	p6.II.1 5/6	92.6171	17,807.14	112,111.87	199,379.75
15	E09	p6.II.1 5/6	92.6171	30,611.29	131,627.94	234,087.13
15	E10	p6.II.1 5/6	92.6171	14,756.99	139,521.30	248,124.69
15	E11	p6.II.1 5/6	92.6171	0	0	0
15	E12	p6.II.1 5/6	92.6171	0	0	0
15	F01	p3.II.2 3/4	92.6171	25,849.50	63,605.33	113,115.72
15	F02	p3.II.2 3/4	92.6171	36,575.12	99,813.18	177,507.76
15	F03	p3.II.2 3/4	92.6171	41,169.11	101,401.38	180,332.21
15	F04	p3.II.2 3/4	92.6171	39,034.49	96,664.14	171,907.50
15	F05	p3.II.2 3/4	92.6171	22,148.75	94,350.41	167,792.77
15	F06	p3.II.2 3/4	92.6171	31,061.72	98,322.37	174,856.51
15	F07	p3.II.2 5/6	92.6171	41,006.44	70,964.82	126,203.83
15	F08	p3.II.2 5/6	92.6171	49,803.66	74,198.85	131,955.24
15	F09	p3.II.2 5/6	92.6171	28,090.98	79,850.74	142,006.55
15	F10	p3.II.2 5/6	92.6171	30,521.53	90,750.59	161,390.86
15	F11	p3.II.2 5/6	92.6171	32,399.32	70,615.50	125,582.60
15	F12	p3.II.2 5/6	92.6171	21,293.91	64,084.19	113,967.33
15	H01	Background	92.6171	0	0	0
15	H02	Background	92.6171	0	0	0
15	H03	Background	92.6171	0	0	0
15	H04	Background	92.6171	0	0	0
15	H05	Background	92.6171	0	0	0
15	H06	Background	92.6171	0	0	0
15	H07	Background	92.6171	0	0	0
15	H08	Background	92.6171	0	0	0
15	H09	Background	92.6171	0	0	0
15	H10	Background	92.6171	0	0	0
15	H11	Background	92.6171	0	0	0
15	H12	Background	92.6171	0	0	0
16	A01	Background	99.14545	0	0	0
16	A02	Background	99.14545	0	0	0
16	A03	Background	99.14545	0	0	0
16	A04	Background	99.14545	0	0	0
16	A05	Background	99.14545	0	0	0
16	A06	Background	99.14545	0	0	0
16	A07	Background	99.14545	0	0	0
16	A08	Background	99.14545	0	0	0
16	A09	Background	99.14545	0	0	0
16	A10	Background	99.14545	0	0	0
16	A11	Background	99.14545	0	0	0
16	A12	Background	99.14545	0	0	0
16	B01	c1 3/4	99.14545	29,954.45	132,399.27	235,458.85
16	B02	c1 3/4	99.14545	-31,910.21	129,931.14	231,069.54
16	B03	c1 3/4	99.14545	34,191.99	146,095.01	259,815.37
16	B04	c1 3/4	99.14545	36,718.41	141,545.11	251,723.83
16	B05	c1 3/4	99.14545	35,306.88	141,960.31	252,462.22
16	B06	c1 3/4	99.14545	35,494.25	135,797.32	241,501.96
16	B07	c1 5/6	99.14545	31,400.79	168,685.25	299,989.85
16	B08	c1 5/6	99.14545	38,700.97	156,875.66	278,987.67
16	B09	c1 5/6	99.14545	26,777.08	162,517.47	289,021.07
16	B10	c1 5/6	99.14545	32,122.10	180,589.91	321,161.10
16	B11	c1 5/6	99.14545	25,028.45	174,230.75	309,851.97
16	B12	c1 5/6	99.14545	24,936.37	159,263.27	283,233.80
16	C01	c3 3/4	99.14545	26,596.42	115,186.37	204,847.44
16	C02	c3 3/4	99.14545	46,116.59	114,934.53	204,399.57
16	C03	c3 3/4	99.14545	56,830.16	119,844.20	213,130.93
16	C04	c3 3/4	99.14545	47,027.15	136,786.71	243,261.48
16	C05	c3 3/4	99.14545	58,118.49	177,059.68	314,882.94
16	C06	c3 3/4	99.14545	53,856.69	145,549.76	258,845.69
16	C07	c3 5/6	99.14545	94,510.33	146,343.50	260,257.28
16	C08	c3 5/6	99.14545	36,907.30	147,444.03	262,214.47
16	C09	c3 5/6	99.14545	34,443.59	118,100.90	210,030.64
16	C10	c3 5/6	99.14545	60,103.60	154,610.17	274,958.73
16	C11	c3 5/6	99.14545	30,578.96	137,642.38	244,783.21
16	C12	c3 5/6	99.14545	31,768.66	107,801.95	191,714.99
16	D01	c2 3/4	99.14545	39,887.42	95,754.94	170,290.58
16	D02	c2 3/4	99.14545	43,101.90	118,993.14	211,617.40
16	D03	c2 3/4	99.14545	49,203.74	131,675.37	234,171.48
16	D04	c2 3/4	99.14545	44,930.87	138,454.89	246,228.18
16	D05	c2 3/4	99.14545	43,157.54	135,717.83	241,360.59
16	D06	c2 3/4	99.14545	33,935.27	128,284.27	228,140.75
16	D07	c2 5/6	99.14545	46,133.96	126,517.15	224,998.10
16	D08	c2 5/6	99.14545	37,603.09	149,037.00	265,047.40
16	D09	c2 5/6	99.14545	45,408.15	112,783.29	200,573.80
16	D10	c2 5/6	99.14545	26,418.02	131,020.61	233,007.06
16	D11	c2 5/6	99.14545	20,701.10	119,031.79	211,686.13
16	D12	c2 5/6	99.14545	10,923.66	88,195.63	156,847.12
16	E01	p6.II.1 3/4	99.14545	16,272.19	112,111.41	199,378.93
16	E02	p6.II.1 3/4	99.14545	23,429.92	117,990.79	209,834.83
16	E03	p6.II.1 3/4	99.14545	20,158.17	116,778.71	207,679.25
16	E04	p6.II.1 3/4	99.14545	24,400.75	127,879.54	227,420.98
16	E05	p6.II.1 3/4	99.14545	24,161.83	128,148.93	227,900.06
16	E06	p6.II.1 3/4	99.14545	30,758.17	127,014.96	225,883.40
16	E07	p6.II.1 5/6	99.14545	16,414.37	124,962.37	222,233.07
16	E08	p6.II.1 5/6	99.14545	17,564.40	112,758.81	200,530.27
16	E09	p6.II.1 5/6	99.14545	30,714.25	131,945.61	234,652.07
16	E10	p6.II.1 5/6	99.14545	15,186.86	139,453.46	248,004.04
16	E11	p6.II.1 5/6	99.14545	0	0	0
16	E12	p6.II.1 5/6	99.14545	0	0	0
16	F01	p3.II.2 3/4	99.14545	22,793.03	65,212.31	115,973.57
16	F02	p3.II.2 3/4	99.14545	36,155.10	99,144.74	176,319.00
16	F03	p3.II.2 3/4	99.14545	39,894.91	100,578.94	178,869.58
16	F04	p3.II.2 3/4	99.14545	37,901.50	92,838.64	165,104.23
16	F05	p3.II.2 3/4	99.14545	23,568.97	92,860.04	165,142.30
16	F06	p3.II.2 3/4	99.14545	32,451.66	97,292.72	173,025.37
16	F07	p3.II.2 5/6	99.14545	38,856.06	69,673.47	123,907.30
16	F08	p3.II.2 5/6	99.14545	50,949.23	74,289.62	132,116.66
16	F09	p3.II.2 5/6	99.14545	28,977.81	78,877.63	140,275.98
16	F10	p3.II.2 5/6	99.14545	28,500.04	90,578.65	161,085.08
16	F11	p3.II.2 5/6	99.14545	34,046.43	70,243.71	124,921.41
16	F12	p3.II.2 5/6	99.14545	22,403.04	63,510.78	112,947.57
16	H01	Background	99.14545	0	0	0
16	H02	Background	99.14545	0	0	0
16	H03	Background	99.14545	0	0	0
16	H04	Background	99.14545	0	0	0
16	H05	Background	99.14545	0	0	0
16	H06	Background	99.14545	0	0	0
16	H07	Background	99.14545	0	0	0
16	H08	Background	99.14545	0	0	0
16	H09	Background	99.14545	0	0	0
16	H10	Background	99.14545	0	0	0
16	H11	Background	99.14545	0	0	0
16	H12	Background	99.14545	0	0	0
