time	well1	fibro_id	time_exact	ocr	ecar	ppr
1	A01	Background	1.309	0	0	0
1	A02	Background	1.309	0	0	0
1	A03	Background	1.309	0	0	0
1	A04	Background	1.309	0	0	0
1	A05	Background	1.309	0	0	0
1	A06	Background	1.309	0	0	0
1	A07	Background	1.309	0	0	0
1	A08	Background	1.309	0	0	0
1	A09	Background	1.309	0	0	0
1	A10	Background	1.309	0	0	0
1	A11	Background	1.309	0	0	0
1	A12	Background	1.309	0	0	0
1	B01	c1 3/4	1.309	126,527.32	66,411.58	118,106.36
1	B02	c1 3/4	1.309	142,094.54	70,895.03	126,079.72
1	B03	c1 3/4	1.309	142,840.49	44,933.28	79,909.34
1	B04	c1 3/4	1.309	144,214.46	59,604.52	106,000.68
1	B05	c1 3/4	1.309	132,728.15	50,590.52	89,970.18
1	B06	c1 3/4	1.309	145,742.24	63,229.92	112,448.09
1	B07	c1 5/6	1.309	146,032.31	61,739.31	109,797.18
1	B08	c1 5/6	1.309	142,514.39	66,023.21	117,415.68
1	B09	c1 5/6	1.309	147,268.81	68,151.30	121,200.27
1	B10	c1 5/6	1.309	143,766.15	79,960.74	142,202.17
1	B11	c1 5/6	1.309	140,480.04	77,806.58	138,371.23
1	B12	c1 5/6	1.309	122,525.49	63,976.72	113,776.20
1	C01	c3 3/4	1.309	131,255.50	94,823.41	168,633.95
1	C02	c3 3/4	1.309	161,043.85	109,383.95	194,528.41
1	C03	c3 3/4	1.309	163,687.74	60,109.73	106,899.14
1	C04	c3 3/4	1.309	163,913.30	90,248.71	160,498.31
1	C05	c3 3/4	1.309	158,813.96	61,460.07	109,300.59
1	C06	c3 3/4	1.309	164,183.94	92,954.00	165,309.40
1	C07	c3 5/6	1.309	135,828.71	57,747.02	102,697.30
1	C08	c3 5/6	1.309	126,262.78	71,788.94	127,669.44
1	C09	c3 5/6	1.309	155,889.58	58,136.87	103,390.61
1	C10	c3 5/6	1.309	136,552.84	88,795.67	157,914.23
1	C11	c3 5/6	1.309	143,277.51	110,590.84	196,674.75
1	C12	c3 5/6	1.309	77,286.76	80,811.16	143,714.57
1	D01	c2 3/4	1.309	149,426.61	71,078.25	126,405.56
1	D02	c2 3/4	1.309	190,419.66	100,349.38	178,461.33
1	D03	c2 3/4	1.309	185,202.07	102,122.82	181,615.22
1	D04	c2 3/4	1.309	211,624.49	119,156.19	211,907.36
1	D05	c2 3/4	1.309	194,052.45	86,117.13	153,150.70
1	D06	c2 3/4	1.309	187,854.02	118,588.19	210,897.23
1	D07	c2 5/6	1.309	198,533.33	76,796.17	136,574.30
1	D08	c2 5/6	1.309	183,594.42	60,870.59	108,252.26
1	D09	c2 5/6	1.309	180,379.45	97,517.26	173,424.70
1	D10	c2 5/6	1.309	169,064.17	97,654.19	173,668.21
1	D11	c2 5/6	1.309	161,402.76	98,459.71	175,100.74
1	D12	c2 5/6	1.309	127,937.83	80,983.54	144,021.14
1	E01	p3.I.2 3/4	1.309	108,749.17	86,160.21	153,227.33
1	E02	p3.I.2 3/4	1.309	165,048.44	121,440.59	215,969.95
1	E03	p3.I.2 3/4	1.309	154,201.39	81,372.26	144,712.43
1	E04	p3.I.2 3/4	1.309	162,411.95	118,928.88	211,503.11
1	E05	p3.I.2 3/4	1.309	159,311.94	108,280.89	192,566.73
1	E06	p3.I.2 3/4	1.309	142,412.54	46,638.79	82,942.42
1	E07	p3.I.2 5/6	1.309	161,074.16	87,049.54	154,808.90
1	E08	p3.I.2 5/6	1.309	174,227.07	110,555.07	196,611.14
1	E09	p3.I.2 5/6	1.309	130,744.00	83,691.39	148,836.77
1	E10	p3.I.2 5/6	1.309	136,122.69	76,930.98	136,814.06
1	E11	p3.I.2 5/6	1.309	131,366.66	96,669.48	171,917.00
1	E12	p3.I.2 5/6	1.309	111,890.65	98,273.38	174,769.38
1	F01	p6.II.1 3/4	1.309	58,881.66	57,717.17	102,644.21
1	F02	p6.II.1 3/4	1.309	88,754.90	55,863.38	99,347.43
1	F03	p6.II.1 3/4	1.309	90,548.91	60,339.52	107,307.80
1	F04	p6.II.1 3/4	1.309	84,291.31	50,404.17	89,638.77
1	F05	p6.II.1 3/4	1.309	77,216.12	53,482.26	95,112.85
1	F06	p6.II.1 3/4	1.309	81,064.09	55,607.00	98,891.48
1	F07	p6.II.1 5/6	1.309	79,593.18	57,430.13	102,133.74
1	F08	p6.II.1 5/6	1.309	83,150.30	56,453.89	100,397.60
1	F09	p6.II.1 5/6	1.309	83,934.67	68,314.58	121,490.64
1	F10	p6.II.1 5/6	1.309	84,743.40	59,124.84	105,147.61
1	F11	p6.II.1 5/6	1.309	74,712.80	63,245.86	112,476.44
1	F12	p6.II.1 5/6	1.309	61,398.17	63,695.95	113,276.88
1	H01	Background	1.309	0	0	0
1	H02	Background	1.309	0	0	0
1	H03	Background	1.309	0	0	0
1	H04	Background	1.309	0	0	0
1	H05	Background	1.309	0	0	0
1	H06	Background	1.309	0	0	0
1	H07	Background	1.309	0	0	0
1	H08	Background	1.309	0	0	0
1	H09	Background	1.309	0	0	0
1	H10	Background	1.309	0	0	0
1	H11	Background	1.309	0	0	0
1	H12	Background	1.309	0	0	0
2	A01	Background	7.866	0	0	0
2	A02	Background	7.866	0	0	0
2	A03	Background	7.866	0	0	0
2	A04	Background	7.866	0	0	0
2	A05	Background	7.866	0	0	0
2	A06	Background	7.866	0	0	0
2	A07	Background	7.866	0	0	0
2	A08	Background	7.866	0	0	0
2	A09	Background	7.866	0	0	0
2	A10	Background	7.866	0	0	0
2	A11	Background	7.866	0	0	0
2	A12	Background	7.866	0	0	0
2	B01	c1 3/4	7.866	118,401.57	49,815.40	88,591.71
2	B02	c1 3/4	7.866	133,349.18	47,220.18	83,976.37
2	B03	c1 3/4	7.866	129,125.88	45,699.16	81,271.38
2	B04	c1 3/4	7.866	130,567.18	57,033.34	101,428.10
2	B05	c1 3/4	7.866	123,649.31	53,134.33	94,494.09
2	B06	c1 3/4	7.866	132,111.11	58,053.15	103,241.73
2	B07	c1 5/6	7.866	133,498.48	57,935.00	103,031.61
2	B08	c1 5/6	7.866	130,542.57	60,537.78	107,660.40
2	B09	c1 5/6	7.866	129,847.83	63,506.40	112,939.79
2	B10	c1 5/6	7.866	128,200.16	57,962.02	103,079.66
2	B11	c1 5/6	7.866	131,986.50	71,812.01	127,710.48
2	B12	c1 5/6	7.866	113,077.94	46,526.78	82,743.23
2	C01	c3 3/4	7.866	126,072.86	79,650.64	141,650.70
2	C02	c3 3/4	7.866	149,716.27	95,470.26	169,784.31
2	C03	c3 3/4	7.866	145,721.65	80,163.94	142,563.55
2	C04	c3 3/4	7.866	147,234.20	97,840.49	173,999.53
2	C05	c3 3/4	7.866	144,132.18	77,390.99	137,632.14
2	C06	c3 3/4	7.866	150,207.59	88,929.19	158,151.67
2	C07	c3 5/6	7.866	81,720.82	97,292.51	173,024.99
2	C08	c3 5/6	7.866	83,024.04	98,644.34	175,429.09
2	C09	c3 5/6	7.866	142,361.35	79,282.61	140,996.19
2	C10	c3 5/6	7.866	101,859.69	107,507.59	191,191.50
2	C11	c3 5/6	7.866	119,265.49	96,982.47	172,473.62
2	C12	c3 5/6	7.866	68,226.07	80,129.76	142,502.76
2	D01	c2 3/4	7.866	140,892.29	56,321.82	100,162.72
2	D02	c2 3/4	7.866	180,931.49	82,747.10	147,157.44
2	D03	c2 3/4	7.866	170,070.07	82,716.06	147,102.24
2	D04	c2 3/4	7.866	194,992.46	96,853.31	172,243.93
2	D05	c2 3/4	7.866	174,781.83	79,340.95	141,099.95
2	D06	c2 3/4	7.866	169,635.30	86,305.11	153,485.01
2	D07	c2 5/6	7.866	180,591.95	77,054.41	137,033.56
2	D08	c2 5/6	7.866	171,602.41	63,902.51	113,644.23
2	D09	c2 5/6	7.866	171,902.08	87,105.52	154,908.45
2	D10	c2 5/6	7.866	156,152.14	87,545.16	155,690.31
2	D11	c2 5/6	7.866	153,757.15	77,686.30	138,157.32
2	D12	c2 5/6	7.866	118,934.80	62,325.37	110,839.45
2	E01	p3.I.2 3/4	7.866	103,997.54	70,749.40	125,820.73
2	E02	p3.I.2 3/4	7.866	154,690.27	92,980.21	165,356.00
2	E03	p3.I.2 3/4	7.866	143,073.21	82,320.84	146,399.38
2	E04	p3.I.2 3/4	7.866	153,250.75	92,373.92	164,277.79
2	E05	p3.I.2 3/4	7.866	143,195.39	102,317.02	181,960.59
2	E06	p3.I.2 3/4	7.866	131,429.63	55,283.41	98,316.02
2	E07	p3.I.2 5/6	7.866	141,932.03	89,907.68	159,891.82
2	E08	p3.I.2 5/6	7.866	155,813.00	83,620.00	148,709.80
2	E09	p3.I.2 5/6	7.866	120,855.07	86,001.39	152,944.88
2	E10	p3.I.2 5/6	7.866	121,567.77	85,658.05	152,334.28
2	E11	p3.I.2 5/6	7.866	120,798.70	101,316.90	180,181.98
2	E12	p3.I.2 5/6	7.866	101,968.07	90,363.19	160,701.90
2	F01	p6.II.1 3/4	7.866	54,538.04	55,620.04	98,914.68
2	F02	p6.II.1 3/4	7.866	81,640.95	60,136.01	106,945.89
2	F03	p6.II.1 3/4	7.866	81,441.59	57,843.55	102,868.97
2	F04	p6.II.1 3/4	7.866	77,094.21	56,485.37	100,453.58
2	F05	p6.II.1 3/4	7.866	64,470.93	52,875.72	94,034.17
2	F06	p6.II.1 3/4	7.866	77,358.47	60,105.32	106,891.30
2	F07	p6.II.1 5/6	7.866	74,999.62	58,336.11	103,744.94
2	F08	p6.II.1 5/6	7.866	77,788.88	57,038.27	101,436.86
2	F09	p6.II.1 5/6	7.866	75,731.20	55,316.12	98,374.19
2	F10	p6.II.1 5/6	7.866	78,003.72	51,667.71	91,885.85
2	F11	p6.II.1 5/6	7.866	71,110.30	56,898.72	101,188.68
2	F12	p6.II.1 5/6	7.866	59,419.72	57,696.37	102,607.22
2	H01	Background	7.866	0	0	0
2	H02	Background	7.866	0	0	0
2	H03	Background	7.866	0	0	0
2	H04	Background	7.866	0	0	0
2	H05	Background	7.866	0	0	0
2	H06	Background	7.866	0	0	0
2	H07	Background	7.866	0	0	0
2	H08	Background	7.866	0	0	0
2	H09	Background	7.866	0	0	0
2	H10	Background	7.866	0	0	0
2	H11	Background	7.866	0	0	0
2	H12	Background	7.866	0	0	0
3	A01	Background	14.359	0	0	0
3	A02	Background	14.359	0	0	0
3	A03	Background	14.359	0	0	0
3	A04	Background	14.359	0	0	0
3	A05	Background	14.359	0	0	0
3	A06	Background	14.359	0	0	0
3	A07	Background	14.359	0	0	0
3	A08	Background	14.359	0	0	0
3	A09	Background	14.359	0	0	0
3	A10	Background	14.359	0	0	0
3	A11	Background	14.359	0	0	0
3	A12	Background	14.359	0	0	0
3	B01	c1 3/4	14.359	117,034.32	49,808.61	88,579.64
3	B02	c1 3/4	14.359	133,058.91	42,632.55	75,817.73
3	B03	c1 3/4	14.359	128,679.78	47,362.38	84,229.26
3	B04	c1 3/4	14.359	128,183.42	59,472.40	105,765.71
3	B05	c1 3/4	14.359	123,350.52	56,860.97	101,121.55
3	B06	c1 3/4	14.359	132,047.71	56,598.54	100,654.85
3	B07	c1 5/6	14.359	130,054.45	59,733.20	106,229.53
3	B08	c1 5/6	14.359	125,165.85	59,543.73	105,892.57
3	B09	c1 5/6	14.359	126,713.94	63,759.99	113,390.77
3	B10	c1 5/6	14.359	125,758.58	59,081.96	105,071.36
3	B11	c1 5/6	14.359	134,065.82	68,833.18	122,412.92
3	B12	c1 5/6	14.359	103,930.92	51,355.93	91,331.39
3	C01	c3 3/4	14.359	121,673.53	75,168.43	133,679.53
3	C02	c3 3/4	14.359	151,722.44	93,346.67	166,007.72
3	C03	c3 3/4	14.359	142,140.38	86,645.09	154,089.63
3	C04	c3 3/4	14.359	144,669.95	101,076.88	179,755.12
3	C05	c3 3/4	14.359	141,176.56	89,387.56	158,966.84
3	C06	c3 3/4	14.359	144,172.27	92,465.96	164,441.46
3	C07	c3 5/6	14.359	73,443.70	106,336.96	189,109.64
3	C08	c3 5/6	14.359	72,461.81	105,642.86	187,875.26
3	C09	c3 5/6	14.359	136,126.46	88,649.80	157,654.80
3	C10	c3 5/6	14.359	90,543.81	114,689.41	203,963.65
3	C11	c3 5/6	14.359	116,801.51	96,973.86	172,458.32
3	C12	c3 5/6	14.359	57,424.03	90,140.80	160,306.41
3	D01	c2 3/4	14.359	139,513.46	54,784.33	97,428.46
3	D02	c2 3/4	14.359	178,259.09	85,105.64	151,351.88
3	D03	c2 3/4	14.359	167,593.63	82,744.84	147,153.43
3	D04	c2 3/4	14.359	194,694.64	95,961.64	170,658.18
3	D05	c2 3/4	14.359	173,247.00	80,624.31	143,382.27
3	D06	c2 3/4	14.359	166,526.69	83,356.11	148,240.50
3	D07	c2 5/6	14.359	179,250.11	79,386.04	141,180.13
3	D08	c2 5/6	14.359	169,615.35	68,406.62	121,654.34
3	D09	c2 5/6	14.359	169,920.51	85,110.96	151,361.33
3	D10	c2 5/6	14.359	154,718.04	87,744.94	156,045.59
3	D11	c2 5/6	14.359	150,431.54	77,120.65	137,151.37
3	D12	c2 5/6	14.359	119,027.26	65,123.60	115,815.82
3	E01	p3.I.2 3/4	14.359	100,750.47	71,456.25	127,077.80
3	E02	p3.I.2 3/4	14.359	149,984.66	102,787.08	182,796.55
3	E03	p3.I.2 3/4	14.359	133,646.56	90,549.65	161,033.49
3	E04	p3.I.2 3/4	14.359	147,886.33	102,650.28	182,553.25
3	E05	p3.I.2 3/4	14.359	139,208.11	112,052.20	199,273.64
3	E06	p3.I.2 3/4	14.359	128,220.47	66,468.25	118,207.14
3	E07	p3.I.2 5/6	14.359	141,439.54	101,209.31	179,990.63
3	E08	p3.I.2 5/6	14.359	147,953.08	80,903.59	143,878.94
3	E09	p3.I.2 5/6	14.359	118,015.01	89,839.89	159,771.26
3	E10	p3.I.2 5/6	14.359	123,664.73	96,621.54	171,831.74
3	E11	p3.I.2 5/6	14.359	119,111.65	105,136.19	186,974.20
3	E12	p3.I.2 5/6	14.359	100,988.63	94,782.21	168,560.68
3	F01	p6.II.1 3/4	14.359	54,405.32	54,492.19	96,908.91
3	F02	p6.II.1 3/4	14.359	81,194.96	64,314.13	114,376.24
3	F03	p6.II.1 3/4	14.359	79,361.61	61,607.22	109,562.28
3	F04	p6.II.1 3/4	14.359	75,961.80	60,639.62	107,841.49
3	F05	p6.II.1 3/4	14.359	64,973.78	52,253.32	92,927.30
3	F06	p6.II.1 3/4	14.359	77,033.07	61,673.20	109,679.62
3	F07	p6.II.1 5/6	14.359	74,676.12	60,647.93	107,856.28
3	F08	p6.II.1 5/6	14.359	75,494.27	59,264.61	105,396.17
3	F09	p6.II.1 5/6	14.359	74,026.80	58,555.47	104,135.04
3	F10	p6.II.1 5/6	14.359	76,612.14	54,561.41	97,032.00
3	F11	p6.II.1 5/6	14.359	72,262.59	58,173.92	103,456.50
3	F12	p6.II.1 5/6	14.359	58,711.92	56,789.69	100,994.79
3	H01	Background	14.359	0	0	0
3	H02	Background	14.359	0	0	0
3	H03	Background	14.359	0	0	0
3	H04	Background	14.359	0	0	0
3	H05	Background	14.359	0	0	0
3	H06	Background	14.359	0	0	0
3	H07	Background	14.359	0	0	0
3	H08	Background	14.359	0	0	0
3	H09	Background	14.359	0	0	0
3	H10	Background	14.359	0	0	0
3	H11	Background	14.359	0	0	0
3	H12	Background	14.359	0	0	0
4	A01	Background	20.868	0	0	0
4	A02	Background	20.868	0	0	0
4	A03	Background	20.868	0	0	0
4	A04	Background	20.868	0	0	0
4	A05	Background	20.868	0	0	0
4	A06	Background	20.868	0	0	0
4	A07	Background	20.868	0	0	0
4	A08	Background	20.868	0	0	0
4	A09	Background	20.868	0	0	0
4	A10	Background	20.868	0	0	0
4	A11	Background	20.868	0	0	0
4	A12	Background	20.868	0	0	0
4	B01	c1 3/4	20.868	116,927.02	49,611.36	88,228.84
4	B02	c1 3/4	20.868	133,447.88	42,279.50	75,189.86
4	B03	c1 3/4	20.868	130,599.89	46,569.14	82,818.55
4	B04	c1 3/4	20.868	129,513.61	56,895.24	101,182.49
4	B05	c1 3/4	20.868	125,840.48	57,020.03	101,404.42
4	B06	c1 3/4	20.868	133,818.93	54,507.83	96,936.72
4	B07	c1 5/6	20.868	131,349.19	54,929.85	97,687.25
4	B08	c1 5/6	20.868	127,074.37	53,764.74	95,615.22
4	B09	c1 5/6	20.868	128,214.14	60,644.27	107,849.76
4	B10	c1 5/6	20.868	126,515.12	56,627.85	100,706.97
4	B11	c1 5/6	20.868	134,766.45	67,438.10	119,931.91
4	B12	c1 5/6	20.868	83,868.78	58,609.87	104,231.78
4	C01	c3 3/4	20.868	123,457.41	76,267.98	135,634.97
4	C02	c3 3/4	20.868	151,862.23	90,294.82	160,580.31
4	C03	c3 3/4	20.868	145,579.36	84,776.95	150,767.33
4	C04	c3 3/4	20.868	146,369.74	96,160.60	171,012.00
4	C05	c3 3/4	20.868	140,045.92	89,472.69	159,118.23
4	C06	c3 3/4	20.868	147,011.11	83,533.38	148,555.77
4	C07	c3 5/6	20.868	65,077.02	111,157.59	197,682.66
4	C08	c3 5/6	20.868	65,754.97	109,673.03	195,042.52
4	C09	c3 5/6	20.868	138,875.47	87,425.21	155,476.99
4	C10	c3 5/6	20.868	87,041.16	118,629.96	210,971.52
4	C11	c3 5/6	20.868	118,102.59	90,956.70	161,757.40
4	C12	c3 5/6	20.868	49,681.06	93,488.37	166,259.72
4	D01	c2 3/4	20.868	137,265.94	54,652.78	97,194.51
4	D02	c2 3/4	20.868	177,698.02	82,195.62	146,176.70
4	D03	c2 3/4	20.868	166,963.79	79,549.42	141,470.70
4	D04	c2 3/4	20.868	199,285.59	94,201.96	167,528.77
4	D05	c2 3/4	20.868	172,111.57	75,291.73	133,898.82
4	D06	c2 3/4	20.868	165,649.32	80,293.16	142,793.35
4	D07	c2 5/6	20.868	179,203.39	80,974.87	144,005.71
4	D08	c2 5/6	20.868	170,698.32	71,894.91	127,857.90
4	D09	c2 5/6	20.868	170,789.87	85,305.10	151,706.60
4	D10	c2 5/6	20.868	155,228.23	86,567.18	153,951.07
4	D11	c2 5/6	20.868	149,269.61	74,967.18	133,321.64
4	D12	c2 5/6	20.868	117,100.79	61,957.85	110,185.84
4	E01	p3.I.2 3/4	20.868	101,257.03	74,171.15	131,905.98
4	E02	p3.I.2 3/4	20.868	147,619.75	101,830.00	181,094.47
4	E03	p3.I.2 3/4	20.868	138,242.83	91,118.72	162,045.52
4	E04	p3.I.2 3/4	20.868	145,116.64	98,585.73	175,324.87
4	E05	p3.I.2 3/4	20.868	136,081.40	114,595.22	203,796.14
4	E06	p3.I.2 3/4	20.868	127,812.85	69,846.24	124,214.55
4	E07	p3.I.2 5/6	20.868	140,488.02	100,920.39	179,476.81
4	E08	p3.I.2 5/6	20.868	148,576.57	75,471.65	134,218.78
4	E09	p3.I.2 5/6	20.868	117,028.68	91,265.46	162,306.49
4	E10	p3.I.2 5/6	20.868	124,933.30	97,071.99	172,632.83
4	E11	p3.I.2 5/6	20.868	119,698.31	101,229.81	180,027.09
4	E12	p3.I.2 5/6	20.868	101,563.67	93,968.72	167,113.97
4	F01	p6.II.1 3/4	20.868	53,516.62	52,827.62	93,948.64
4	F02	p6.II.1 3/4	20.868	81,231.15	64,752.30	115,155.49
4	F03	p6.II.1 3/4	20.868	79,617.14	62,547.86	111,235.11
4	F04	p6.II.1 3/4	20.868	75,397.09	63,017.64	112,070.57
4	F05	p6.II.1 3/4	20.868	70,020.14	52,722.35	93,761.43
4	F06	p6.II.1 3/4	20.868	77,350.42	61,471.04	109,320.10
4	F07	p6.II.1 5/6	20.868	75,539.80	60,673.60	107,901.93
4	F08	p6.II.1 5/6	20.868	76,831.55	59,586.93	105,969.40
4	F09	p6.II.1 5/6	20.868	75,616.97	59,877.42	106,486.01
4	F10	p6.II.1 5/6	20.868	77,458.47	55,516.48	98,730.51
4	F11	p6.II.1 5/6	20.868	71,892.36	57,812.09	102,813.02
4	F12	p6.II.1 5/6	20.868	59,237.47	55,338.71	98,414.36
4	H01	Background	20.868	0	0	0
4	H02	Background	20.868	0	0	0
4	H03	Background	20.868	0	0	0
4	H04	Background	20.868	0	0	0
4	H05	Background	20.868	0	0	0
4	H06	Background	20.868	0	0	0
4	H07	Background	20.868	0	0	0
4	H08	Background	20.868	0	0	0
4	H09	Background	20.868	0	0	0
4	H10	Background	20.868	0	0	0
4	H11	Background	20.868	0	0	0
4	H12	Background	20.868	0	0	0
5	A01	Background	27.503	0	0	0
5	A02	Background	27.503	0	0	0
5	A03	Background	27.503	0	0	0
5	A04	Background	27.503	0	0	0
5	A05	Background	27.503	0	0	0
5	A06	Background	27.503	0	0	0
5	A07	Background	27.503	0	0	0
5	A08	Background	27.503	0	0	0
5	A09	Background	27.503	0	0	0
5	A10	Background	27.503	0	0	0
5	A11	Background	27.503	0	0	0
5	A12	Background	27.503	0	0	0
5	B01	c1 3/4	27.503	80,573.08	66,185.30	117,703.93
5	B02	c1 3/4	27.503	84,270.06	58,804.72	104,578.32
5	B03	c1 3/4	27.503	102,556.51	59,314.14	105,484.26
5	B04	c1 3/4	27.503	102,002.02	81,815.37	145,500.46
5	B05	c1 3/4	27.503	95,484.00	73,906.22	131,434.81
5	B06	c1 3/4	27.503	93,834.44	71,882.36	127,835.58
5	B07	c1 5/6	27.503	116,294.34	65,948.31	117,282.48
5	B08	c1 5/6	27.503	115,733.55	58,708.19	104,406.64
5	B09	c1 5/6	27.503	117,643.51	65,373.98	116,261.08
5	B10	c1 5/6	27.503	109,643.39	62,138.80	110,507.64
5	B11	c1 5/6	27.503	97,407.34	84,574.65	150,407.55
5	B12	c1 5/6	27.503	52,086.46	80,228.71	142,678.74
5	C01	c3 3/4	27.503	57,703.53	120,316.64	213,971.11
5	C02	c3 3/4	27.503	79,677.62	139,940.33	248,869.88
5	C03	c3 3/4	27.503	66,276.76	128,807.14	229,070.62
5	C04	c3 3/4	27.503	68,995.33	148,768.11	264,569.20
5	C05	c3 3/4	27.503	84,046.93	132,696.95	235,988.26
5	C06	c3 3/4	27.503	78,703.09	129,658.88	230,585.35
5	C07	c3 5/6	27.503	55,132.30	135,164.35	240,376.29
5	C08	c3 5/6	27.503	53,717.88	143,638.73	255,447.12
5	C09	c3 5/6	27.503	66,379.20	160,458.63	285,359.62
5	C10	c3 5/6	27.503	81,774.22	125,577.12	223,326.35
5	C11	c3 5/6	27.503	56,722.32	128,237.51	228,057.60
5	C12	c3 5/6	27.503	39,051.67	89,798.37	159,697.43
5	D01	c2 3/4	27.503	48,680.77	103,581.35	184,209.08
5	D02	c2 3/4	27.503	81,280.69	140,364.79	249,624.74
5	D03	c2 3/4	27.503	67,289.99	125,788.99	223,703.14
5	D04	c2 3/4	27.503	99,322.78	153,874.43	273,650.28
5	D05	c2 3/4	27.503	81,087.18	120,908.80	215,024.21
5	D06	c2 3/4	27.503	76,967.94	128,379.82	228,310.68
5	D07	c2 5/6	27.503	80,359.88	138,935.01	247,082.02
5	D08	c2 5/6	27.503	71,249.85	136,188.21	242,197.11
5	D09	c2 5/6	27.503	70,407.26	157,367.14	279,861.73
5	D10	c2 5/6	27.503	61,166.96	143,903.09	255,917.26
5	D11	c2 5/6	27.503	66,562.28	128,730.16	228,933.73
5	D12	c2 5/6	27.503	35,632.18	104,630.67	186,075.19
5	E01	p3.I.2 3/4	27.503	51,121.42	93,089.84	165,550.97
5	E02	p3.I.2 3/4	27.503	84,569.64	138,148.07	245,682.52
5	E03	p3.I.2 3/4	27.503	63,671.49	128,712.85	228,902.92
5	E04	p3.I.2 3/4	27.503	71,433.94	127,024.97	225,901.22
5	E05	p3.I.2 3/4	27.503	69,510.75	154,281.39	274,374.02
5	E06	p3.I.2 3/4	27.503	61,218.08	91,326.22	162,414.55
5	E07	p3.I.2 5/6	27.503	63,742.86	126,576.83	225,104.23
5	E08	p3.I.2 5/6	27.503	98,629.36	81,413.33	144,785.47
5	E09	p3.I.2 5/6	27.503	59,966.69	122,211.10	217,340.21
5	E10	p3.I.2 5/6	27.503	58,664.68	131,835.68	234,456.58
5	E11	p3.I.2 5/6	27.503	49,474.76	130,890.53	232,775.72
5	E12	p3.I.2 5/6	27.503	44,146.14	115,943.55	206,194.01
5	F01	p6.II.1 3/4	27.503	38,170.20	58,301.13	103,682.73
5	F02	p6.II.1 3/4	27.503	51,836.05	81,781.66	145,440.50
5	F03	p6.II.1 3/4	27.503	51,242.34	80,635.54	143,402.24
5	F04	p6.II.1 3/4	27.503	46,098.62	81,581.44	145,084.44
5	F05	p6.II.1 3/4	27.503	57,226.99	60,039.56	106,774.35
5	F06	p6.II.1 3/4	27.503	48,577.98	78,888.83	140,295.90
5	F07	p6.II.1 5/6	27.503	67,026.69	66,460.24	118,192.90
5	F08	p6.II.1 5/6	27.503	61,638.25	66,691.44	118,604.05
5	F09	p6.II.1 5/6	27.503	49,273.53	69,443.41	123,498.17
5	F10	p6.II.1 5/6	27.503	66,944.03	57,556.12	102,357.80
5	F11	p6.II.1 5/6	27.503	61,330.85	58,854.27	104,666.43
5	F12	p6.II.1 5/6	27.503	41,968.11	61,024.31	108,525.63
5	H01	Background	27.503	0	0	0
5	H02	Background	27.503	0	0	0
5	H03	Background	27.503	0	0	0
5	H04	Background	27.503	0	0	0
5	H05	Background	27.503	0	0	0
5	H06	Background	27.503	0	0	0
5	H07	Background	27.503	0	0	0
5	H08	Background	27.503	0	0	0
5	H09	Background	27.503	0	0	0
5	H10	Background	27.503	0	0	0
5	H11	Background	27.503	0	0	0
5	H12	Background	27.503	0	0	0
6	A01	Background	34.035	0	0	0
6	A02	Background	34.035	0	0	0
6	A03	Background	34.035	0	0	0
6	A04	Background	34.035	0	0	0
6	A05	Background	34.035	0	0	0
6	A06	Background	34.035	0	0	0
6	A07	Background	34.035	0	0	0
6	A08	Background	34.035	0	0	0
6	A09	Background	34.035	0	0	0
6	A10	Background	34.035	0	0	0
6	A11	Background	34.035	0	0	0
6	A12	Background	34.035	0	0	0
6	B01	c1 3/4	34.035	53,397.47	80,744.97	143,596.85
6	B02	c1 3/4	34.035	62,700.49	76,666.42	136,343.57
6	B03	c1 3/4	34.035	67,159.19	78,395.79	139,419.07
6	B04	c1 3/4	34.035	72,237.64	92,872.10	165,163.74
6	B05	c1 3/4	34.035	62,540.89	87,760.15	156,072.65
6	B06	c1 3/4	34.035	64,417.52	91,894.13	163,424.52
6	B07	c1 5/6	34.035	81,872.85	79,049.52	140,581.66
6	B08	c1 5/6	34.035	91,147.17	69,505.16	123,607.98
6	B09	c1 5/6	34.035	90,735.01	78,082.80	138,862.46
6	B10	c1 5/6	34.035	78,112.19	78,161.67	139,002.71
6	B11	c1 5/6	34.035	71,343.13	101,495.22	180,499.10
6	B12	c1 5/6	34.035	45,976.58	87,735.55	156,028.90
6	C01	c3 3/4	34.035	54,510.43	123,150.55	219,010.94
6	C02	c3 3/4	34.035	65,188.32	153,181.81	272,418.54
6	C03	c3 3/4	34.035	63,573.27	129,316.15	229,975.84
6	C04	c3 3/4	34.035	62,929.66	139,542.34	248,162.10
6	C05	c3 3/4	34.035	65,665.61	136,089.11	242,020.88
6	C06	c3 3/4	34.035	70,709.33	129,909.47	231,031.01
6	C07	c3 5/6	34.035	52,179.86	125,459.12	223,116.50
6	C08	c3 5/6	34.035	52,389.90	124,800.99	221,946.09
6	C09	c3 5/6	34.035	59,469.57	151,507.11	269,440.24
6	C10	c3 5/6	34.035	74,687.35	124,700.33	221,767.07
6	C11	c3 5/6	34.035	42,874.26	139,051.27	247,288.78
6	C12	c3 5/6	34.035	44,704.03	87,893.31	156,309.46
6	D01	c2 3/4	34.035	50,604.69	102,730.65	182,696.18
6	D02	c2 3/4	34.035	79,112.34	138,166.87	245,715.96
6	D03	c2 3/4	34.035	63,705.28	131,302.57	233,508.48
6	D04	c2 3/4	34.035	99,109.10	148,346.91	263,820.14
6	D05	c2 3/4	34.035	79,070.29	120,020.50	213,444.45
6	D06	c2 3/4	34.035	71,700.88	133,944.48	238,206.86
6	D07	c2 5/6	34.035	72,792.94	131,449.13	233,769.13
6	D08	c2 5/6	34.035	68,921.03	128,823.05	229,098.91
6	D09	c2 5/6	34.035	65,012.01	150,321.65	267,332.02
6	D10	c2 5/6	34.035	58,450.83	142,096.41	252,704.26
6	D11	c2 5/6	34.035	63,567.37	128,739.83	228,950.92
6	D12	c2 5/6	34.035	39,318.17	106,052.24	188,603.30
6	E01	p3.I.2 3/4	34.035	47,768.76	98,869.91	175,830.24
6	E02	p3.I.2 3/4	34.035	78,794.91	148,947.90	264,888.95
6	E03	p3.I.2 3/4	34.035	64,825.77	125,078.20	222,439.08
6	E04	p3.I.2 3/4	34.035	74,599.86	131,723.87	234,257.73
6	E05	p3.I.2 3/4	34.035	67,704.73	147,732.58	262,727.63
6	E06	p3.I.2 3/4	34.035	57,486.93	108,749.77	193,400.59
6	E07	p3.I.2 5/6	34.035	62,726.73	128,064.36	227,749.66
6	E08	p3.I.2 5/6	34.035	78,104.89	93,099.69	165,568.49
6	E09	p3.I.2 5/6	34.035	53,963.86	121,807.91	216,623.18
6	E10	p3.I.2 5/6	34.035	56,800.68	131,758.56	234,319.43
6	E11	p3.I.2 5/6	34.035	52,090.09	133,132.94	236,763.62
6	E12	p3.I.2 5/6	34.035	43,182.77	120,892.74	214,995.65
6	F01	p6.II.1 3/4	34.035	27,387.42	66,345.11	117,988.14
6	F02	p6.II.1 3/4	34.035	43,608.19	82,233.67	146,244.35
6	F03	p6.II.1 3/4	34.035	40,929.34	85,496.01	152,046.11
6	F04	p6.II.1 3/4	34.035	39,879.70	77,641.54	138,077.72
6	F05	p6.II.1 3/4	34.035	40,750.11	64,886.88	115,394.82
6	F06	p6.II.1 3/4	34.035	39,141.98	80,709.85	143,534.39
6	F07	p6.II.1 5/6	34.035	46,024.97	73,251.12	130,269.79
6	F08	p6.II.1 5/6	34.035	42,706.57	76,284.00	135,663.47
6	F09	p6.II.1 5/6	34.035	42,291.74	77,446.52	137,730.89
6	F10	p6.II.1 5/6	34.035	47,188.70	72,838.39	129,535.79
6	F11	p6.II.1 5/6	34.035	47,275.64	69,266.89	123,184.24
6	F12	p6.II.1 5/6	34.035	28,909.88	71,953.29	127,961.72
6	H01	Background	34.035	0	0	0
6	H02	Background	34.035	0	0	0
6	H03	Background	34.035	0	0	0
6	H04	Background	34.035	0	0	0
6	H05	Background	34.035	0	0	0
6	H06	Background	34.035	0	0	0
6	H07	Background	34.035	0	0	0
6	H08	Background	34.035	0	0	0
6	H09	Background	34.035	0	0	0
6	H10	Background	34.035	0	0	0
6	H11	Background	34.035	0	0	0
6	H12	Background	34.035	0	0	0
7	A01	Background	40.551	0	0	0
7	A02	Background	40.551	0	0	0
7	A03	Background	40.551	0	0	0
7	A04	Background	40.551	0	0	0
7	A05	Background	40.551	0	0	0
7	A06	Background	40.551	0	0	0
7	A07	Background	40.551	0	0	0
7	A08	Background	40.551	0	0	0
7	A09	Background	40.551	0	0	0
7	A10	Background	40.551	0	0	0
7	A11	Background	40.551	0	0	0
7	A12	Background	40.551	0	0	0
7	B01	c1 3/4	40.551	49,187.10	84,443.76	150,174.78
7	B02	c1 3/4	40.551	56,244.43	78,110.34	138,911.42
7	B03	c1 3/4	40.551	56,041.61	83,823.23	149,071.24
7	B04	c1 3/4	40.551	60,648.52	97,642.71	173,647.79
7	B05	c1 3/4	40.551	52,965.84	93,810.68	166,832.91
7	B06	c1 3/4	40.551	57,546.33	94,044.76	167,249.19
7	B07	c1 5/6	40.551	62,487.72	89,828.75	159,751.46
7	B08	c1 5/6	40.551	66,315.51	82,660.86	147,004.07
7	B09	c1 5/6	40.551	63,594.78	92,042.98	163,689.23
7	B10	c1 5/6	40.551	59,899.82	87,896.40	156,314.95
7	B11	c1 5/6	40.551	62,956.53	105,772.17	188,105.23
7	B12	c1 5/6	40.551	43,180.73	86,110.58	153,139.06
7	C01	c3 3/4	40.551	56,011.84	127,164.82	226,149.92
7	C02	c3 3/4	40.551	62,875.62	153,928.10	273,745.73
7	C03	c3 3/4	40.551	59,726.28	130,563.10	232,193.41
7	C04	c3 3/4	40.551	60,335.65	136,315.50	242,423.48
7	C05	c3 3/4	40.551	60,070.65	136,995.39	243,632.60
7	C06	c3 3/4	40.551	68,383.03	129,954.69	231,111.43
7	C07	c3 5/6	40.551	50,803.66	125,915.23	223,927.64
7	C08	c3 5/6	40.551	49,167.68	122,251.11	217,411.38
7	C09	c3 5/6	40.551	57,955.92	149,996.98	266,754.62
7	C10	c3 5/6	40.551	72,114.59	125,994.41	224,068.47
7	C11	c3 5/6	40.551	43,369.82	139,892.16	248,784.22
7	C12	c3 5/6	40.551	41,529.75	89,954.04	159,974.26
7	D01	c2 3/4	40.551	54,243.78	102,232.69	181,810.62
7	D02	c2 3/4	40.551	76,008.30	141,536.13	251,707.85
7	D03	c2 3/4	40.551	62,513.46	134,142.87	238,559.68
7	D04	c2 3/4	40.551	95,793.14	152,516.11	271,234.65
7	D05	c2 3/4	40.551	75,744.96	123,358.38	219,380.55
7	D06	c2 3/4	40.551	70,726.33	136,717.71	243,138.78
7	D07	c2 5/6	40.551	75,823.20	129,551.37	230,394.15
7	D08	c2 5/6	40.551	68,358.57	129,553.19	230,397.39
7	D09	c2 5/6	40.551	66,635.48	151,109.99	268,734.00
7	D10	c2 5/6	40.551	59,282.42	145,681.13	259,079.32
7	D11	c2 5/6	40.551	60,315.59	130,462.98	232,015.37
7	D12	c2 5/6	40.551	36,281.69	107,065.71	190,405.67
7	E01	p3.I.2 3/4	40.551	48,150.54	98,049.04	174,370.41
7	E02	p3.I.2 3/4	40.551	74,659.37	152,486.04	271,181.17
7	E03	p3.I.2 3/4	40.551	62,438.59	129,839.98	230,907.42
7	E04	p3.I.2 3/4	40.551	70,951.47	140,814.85	250,425.13
7	E05	p3.I.2 3/4	40.551	67,965.36	155,155.74	275,928.96
7	E06	p3.I.2 3/4	40.551	55,275.76	118,418.17	210,594.87
7	E07	p3.I.2 5/6	40.551	65,940.96	133,721.66	237,810.60
7	E08	p3.I.2 5/6	40.551	75,233.65	100,428.62	178,602.26
7	E09	p3.I.2 5/6	40.551	50,322.01	126,604.17	225,152.85
7	E10	p3.I.2 5/6	40.551	52,065.88	132,347.34	235,366.51
7	E11	p3.I.2 5/6	40.551	51,473.46	139,431.98	247,965.84
7	E12	p3.I.2 5/6	40.551	37,358.32	122,669.50	218,155.45
7	F01	p6.II.1 3/4	40.551	25,259.20	64,942.11	115,493.06
7	F02	p6.II.1 3/4	40.551	40,842.70	83,658.77	148,778.75
7	F03	p6.II.1 3/4	40.551	37,077.27	83,756.45	148,952.47
7	F04	p6.II.1 3/4	40.551	37,526.16	78,814.29	140,163.33
7	F05	p6.II.1 3/4	40.551	36,305.28	68,610.76	122,017.38
7	F06	p6.II.1 3/4	40.551	37,102.81	80,624.48	143,382.57
7	F07	p6.II.1 5/6	40.551	39,125.87	77,441.37	137,721.73
7	F08	p6.II.1 5/6	40.551	37,600.00	78,951.34	140,407.06
7	F09	p6.II.1 5/6	40.551	39,806.07	79,187.70	140,827.40
7	F10	p6.II.1 5/6	40.551	39,068.62	75,620.80	134,484.03
7	F11	p6.II.1 5/6	40.551	41,717.38	71,354.89	126,897.53
7	F12	p6.II.1 5/6	40.551	26,014.82	72,397.21	128,751.19
7	H01	Background	40.551	0	0	0
7	H02	Background	40.551	0	0	0
7	H03	Background	40.551	0	0	0
7	H04	Background	40.551	0	0	0
7	H05	Background	40.551	0	0	0
7	H06	Background	40.551	0	0	0
7	H07	Background	40.551	0	0	0
7	H08	Background	40.551	0	0	0
7	H09	Background	40.551	0	0	0
7	H10	Background	40.551	0	0	0
7	H11	Background	40.551	0	0	0
7	H12	Background	40.551	0	0	0
8	A01	Background	47.164	0	0	0
8	A02	Background	47.164	0	0	0
8	A03	Background	47.164	0	0	0
8	A04	Background	47.164	0	0	0
8	A05	Background	47.164	0	0	0
8	A06	Background	47.164	0	0	0
8	A07	Background	47.164	0	0	0
8	A08	Background	47.164	0	0	0
8	A09	Background	47.164	0	0	0
8	A10	Background	47.164	0	0	0
8	A11	Background	47.164	0	0	0
8	A12	Background	47.164	0	0	0
8	B01	c1 3/4	47.164	262,246.17	77,216.16	137,321.23
8	B02	c1 3/4	47.164	313,680.97	71,300.85	126,801.43
8	B03	c1 3/4	47.164	300,165.80	76,514.16	136,072.78
8	B04	c1 3/4	47.164	303,433.80	104,670.18	186,145.46
8	B05	c1 3/4	47.164	311,817.03	89,756.30	159,622.61
8	B06	c1 3/4	47.164	328,588.70	86,927.85	154,592.49
8	B07	c1 5/6	47.164	303,539.09	92,755.34	164,956.10
8	B08	c1 5/6	47.164	287,132.45	80,185.52	142,601.94
8	B09	c1 5/6	47.164	291,953.24	86,341.01	153,548.85
8	B10	c1 5/6	47.164	288,668.44	85,736.61	152,473.99
8	B11	c1 5/6	47.164	307,994.14	112,247.02	199,620.11
8	B12	c1 5/6	47.164	276,240.46	84,736.01	150,694.51
8	C01	c3 3/4	47.164	178,551.37	116,384.53	206,978.25
8	C02	c3 3/4	47.164	214,726.33	138,712.67	246,686.61
8	C03	c3 3/4	47.164	231,908.84	117,279.74	208,570.28
8	C04	c3 3/4	47.164	223,688.35	150,031.80	266,816.56
8	C05	c3 3/4	47.164	234,035.41	140,076.65	249,112.31
8	C06	c3 3/4	47.164	261,001.31	125,903.52	223,906.82
8	C07	c3 5/6	47.164	46,755.76	116,549.01	207,270.75
8	C08	c3 5/6	47.164	40,834.46	112,088.93	199,338.96
8	C09	c3 5/6	47.164	242,240.37	156,916.40	279,060.13
8	C10	c3 5/6	47.164	72,273.60	91,201.96	162,193.57
8	C11	c3 5/6	47.164	222,690.78	139,590.51	248,247.76
8	C12	c3 5/6	47.164	31,556.74	64,003.74	113,824.26
8	D01	c2 3/4	47.164	181,383.74	94,371.53	167,830.32
8	D02	c2 3/4	47.164	219,174.83	139,401.32	247,911.30
8	D03	c2 3/4	47.164	211,830.04	121,203.43	215,548.18
8	D04	c2 3/4	47.164	271,213.03	148,925.79	264,849.62
8	D05	c2 3/4	47.164	278,441.11	111,030.32	197,456.32
8	D06	c2 3/4	47.164	215,120.79	128,355.60	228,267.61
8	D07	c2 5/6	47.164	251,667.69	138,572.79	246,437.85
8	D08	c2 5/6	47.164	239,892.13	131,568.25	233,980.97
8	D09	c2 5/6	47.164	247,370.29	156,217.96	277,818.01
8	D10	c2 5/6	47.164	206,711.58	143,626.95	255,426.17
8	D11	c2 5/6	47.164	224,871.89	131,431.34	233,737.50
8	D12	c2 5/6	47.164	166,584.25	109,540.12	194,806.14
8	E01	p3.I.2 3/4	47.164	101,649.00	85,652.48	152,324.36
8	E02	p3.I.2 3/4	47.164	174,209.22	132,957.21	236,451.11
8	E03	p3.I.2 3/4	47.164	146,564.96	123,358.06	219,379.98
8	E04	p3.I.2 3/4	47.164	176,847.26	118,943.25	211,528.68
8	E05	p3.I.2 3/4	47.164	126,328.60	153,146.28	272,355.34
8	E06	p3.I.2 3/4	47.164	135,014.70	87,059.89	154,827.31
8	E07	p3.I.2 5/6	47.164	164,946.79	124,909.78	222,139.55
8	E08	p3.I.2 5/6	47.164	238,843.38	62,760.73	111,613.69
8	E09	p3.I.2 5/6	47.164	142,198.08	120,245.54	213,844.67
8	E10	p3.I.2 5/6	47.164	145,122.00	127,223.95	226,255.06
8	E11	p3.I.2 5/6	47.164	133,002.46	121,551.71	216,167.56
8	E12	p3.I.2 5/6	47.164	113,012.01	101,535.95	180,571.53
8	F01	p6.II.1 3/4	47.164	113,840.61	62,677.74	111,466.10
8	F02	p6.II.1 3/4	47.164	178,769.00	88,710.13	157,762.09
8	F03	p6.II.1 3/4	47.164	174,942.15	82,957.27	147,531.22
8	F04	p6.II.1 3/4	47.164	170,354.56	83,759.45	148,957.80
8	F05	p6.II.1 3/4	47.164	155,546.28	63,330.14	112,626.32
8	F06	p6.II.1 3/4	47.164	166,516.47	88,018.38	156,531.88
8	F07	p6.II.1 5/6	47.164	171,558.68	82,729.57	147,126.26
8	F08	p6.II.1 5/6	47.164	173,032.64	77,988.67	138,695.05
8	F09	p6.II.1 5/6	47.164	161,512.16	66,981.57	119,120.02
8	F10	p6.II.1 5/6	47.164	165,241.85	67,994.51	120,921.43
8	F11	p6.II.1 5/6	47.164	149,960.25	68,132.70	121,167.20
8	F12	p6.II.1 5/6	47.164	128,510.43	76,327.79	135,741.33
8	H01	Background	47.164	0	0	0
8	H02	Background	47.164	0	0	0
8	H03	Background	47.164	0	0	0
8	H04	Background	47.164	0	0	0
8	H05	Background	47.164	0	0	0
8	H06	Background	47.164	0	0	0
8	H07	Background	47.164	0	0	0
8	H08	Background	47.164	0	0	0
8	H09	Background	47.164	0	0	0
8	H10	Background	47.164	0	0	0
8	H11	Background	47.164	0	0	0
8	H12	Background	47.164	0	0	0
9	A01	Background	53.73	0	0	0
9	A02	Background	53.73	0	0	0
9	A03	Background	53.73	0	0	0
9	A04	Background	53.73	0	0	0
9	A05	Background	53.73	0	0	0
9	A06	Background	53.73	0	0	0
9	A07	Background	53.73	0	0	0
9	A08	Background	53.73	0	0	0
9	A09	Background	53.73	0	0	0
9	A10	Background	53.73	0	0	0
9	A11	Background	53.73	0	0	0
9	A12	Background	53.73	0	0	0
9	B01	c1 3/4	53.73	262,925.22	92,453.88	164,419.97
9	B02	c1 3/4	53.73	308,305.07	90,836.90	161,544.34
9	B03	c1 3/4	53.73	309,581.12	91,797.99	163,253.55
9	B04	c1 3/4	53.73	298,581.91	112,624.30	200,291.05
9	B05	c1 3/4	53.73	312,446.39	101,753.30	180,958.07
9	B06	c1 3/4	53.73	316,931.84	107,802.87	191,716.62
9	B07	c1 5/6	53.73	304,591.34	108,744.99	193,392.09
9	B08	c1 5/6	53.73	284,643.57	102,127.51	181,623.57
9	B09	c1 5/6	53.73	294,133.09	109,236.60	194,266.37
9	B10	c1 5/6	53.73	283,991.45	107,528.64	191,228.93
9	B11	c1 5/6	53.73	306,620.07	124,201.81	220,880.49
9	B12	c1 5/6	53.73	278,295.86	105,202.33	187,091.82
9	C01	c3 3/4	53.73	193,195.61	123,774.14	220,119.94
9	C02	c3 3/4	53.73	228,952.10	154,973.19	275,604.33
9	C03	c3 3/4	53.73	247,638.34	129,414.65	230,151.01
9	C04	c3 3/4	53.73	228,286.96	154,994.68	275,642.54
9	C05	c3 3/4	53.73	241,798.71	143,669.77	255,502.32
9	C06	c3 3/4	53.73	268,801.27	139,537.93	248,154.25
9	C07	c3 5/6	53.73	45,310.48	120,777.05	214,789.91
9	C08	c3 5/6	53.73	42,472.77	119,077.93	211,768.19
9	C09	c3 5/6	53.73	252,748.37	166,074.12	295,346.22
9	C10	c3 5/6	53.73	67,042.40	110,990.32	197,385.19
9	C11	c3 5/6	53.73	230,725.68	151,754.40	269,880.02
9	C12	c3 5/6	53.73	30,242.85	79,243.36	140,926.39
9	D01	c2 3/4	53.73	188,545.08	106,186.78	188,842.56
9	D02	c2 3/4	53.73	232,839.62	146,288.39	260,159.27
9	D03	c2 3/4	53.73	225,733.24	139,051.41	247,289.03
9	D04	c2 3/4	53.73	273,334.48	157,074.18	279,340.73
9	D05	c2 3/4	53.73	288,296.10	123,989.96	220,503.75
9	D06	c2 3/4	53.73	229,122.05	140,333.61	249,569.29
9	D07	c2 5/6	53.73	270,842.60	147,170.58	261,728.17
9	D08	c2 5/6	53.73	242,985.50	147,990.71	263,186.67
9	D09	c2 5/6	53.73	260,646.98	170,471.54	303,166.58
9	D10	c2 5/6	53.73	229,114.55	152,554.59	271,303.09
9	D11	c2 5/6	53.73	222,153.39	142,278.26	253,027.66
9	D12	c2 5/6	53.73	166,094.76	121,083.81	215,335.45
9	E01	p3.I.2 3/4	53.73	113,417.76	91,017.76	161,865.98
9	E02	p3.I.2 3/4	53.73	194,101.92	136,798.64	243,282.70
9	E03	p3.I.2 3/4	53.73	163,665.10	124,390.30	221,215.72
9	E04	p3.I.2 3/4	53.73	180,962.48	124,368.27	221,176.53
9	E05	p3.I.2 3/4	53.73	139,728.21	153,216.69	272,480.56
9	E06	p3.I.2 3/4	53.73	150,051.39	106,115.33	188,715.50
9	E07	p3.I.2 5/6	53.73	189,790.49	129,974.10	231,145.94
9	E08	p3.I.2 5/6	53.73	257,193.91	92,462.36	164,435.07
9	E09	p3.I.2 5/6	53.73	161,545.79	125,608.00	223,381.26
9	E10	p3.I.2 5/6	53.73	165,331.01	121,907.86	216,800.94
9	E11	p3.I.2 5/6	53.73	143,365.29	132,665.55	235,932.42
9	E12	p3.I.2 5/6	53.73	128,465.06	111,156.75	197,681.16
9	F01	p6.II.1 3/4	53.73	117,069.23	66,319.44	117,942.49
9	F02	p6.II.1 3/4	53.73	178,958.23	86,684.33	154,159.41
9	F03	p6.II.1 3/4	53.73	178,500.81	86,443.29	153,730.75
9	F04	p6.II.1 3/4	53.73	171,043.14	82,169.65	146,130.50
9	F05	p6.II.1 3/4	53.73	157,737.05	64,442.95	114,605.34
9	F06	p6.II.1 3/4	53.73	169,176.18	85,130.49	151,396.06
9	F07	p6.II.1 5/6	53.73	170,189.57	85,075.73	151,298.68
9	F08	p6.II.1 5/6	53.73	173,144.52	82,608.19	146,910.41
9	F09	p6.II.1 5/6	53.73	160,558.86	78,572.21	139,732.82
9	F10	p6.II.1 5/6	53.73	167,133.33	80,470.23	143,108.25
9	F11	p6.II.1 5/6	53.73	150,797.42	76,569.69	136,171.53
9	F12	p6.II.1 5/6	53.73	124,052.99	81,805.46	145,482.83
9	H01	Background	53.73	0	0	0
9	H02	Background	53.73	0	0	0
9	H03	Background	53.73	0	0	0
9	H04	Background	53.73	0	0	0
9	H05	Background	53.73	0	0	0
9	H06	Background	53.73	0	0	0
9	H07	Background	53.73	0	0	0
9	H08	Background	53.73	0	0	0
9	H09	Background	53.73	0	0	0
9	H10	Background	53.73	0	0	0
9	H11	Background	53.73	0	0	0
9	H12	Background	53.73	0	0	0
10	A01	Background	60.263	0	0	0
10	A02	Background	60.263	0	0	0
10	A03	Background	60.263	0	0	0
10	A04	Background	60.263	0	0	0
10	A05	Background	60.263	0	0	0
10	A06	Background	60.263	0	0	0
10	A07	Background	60.263	0	0	0
10	A08	Background	60.263	0	0	0
10	A09	Background	60.263	0	0	0
10	A10	Background	60.263	0	0	0
10	A11	Background	60.263	0	0	0
10	A12	Background	60.263	0	0	0
10	B01	c1 3/4	60.263	269,194.19	97,500.35	173,394.62
10	B02	c1 3/4	60.263	314,058.66	93,811.00	166,833.48
10	B03	c1 3/4	60.263	319,536.56	96,371.97	171,387.91
10	B04	c1 3/4	60.263	299,253.66	111,681.36	198,614.14
10	B05	c1 3/4	60.263	312,662.03	105,461.27	187,552.33
10	B06	c1 3/4	60.263	317,191.20	109,165.47	194,139.87
10	B07	c1 5/6	60.263	291,923.23	111,565.53	198,408.15
10	B08	c1 5/6	60.263	263,836.59	106,393.82	189,210.78
10	B09	c1 5/6	60.263	271,727.36	113,101.92	201,140.46
10	B10	c1 5/6	60.263	268,302.73	109,927.93	195,495.84
10	B11	c1 5/6	60.263	289,704.67	127,410.61	226,587.02
10	B12	c1 5/6	60.263	271,512.32	107,026.25	190,335.49
10	C01	c3 3/4	60.263	216,147.29	131,812.17	234,414.76
10	C02	c3 3/4	60.263	240,217.76	159,663.22	283,945.07
10	C03	c3 3/4	60.263	264,339.57	137,224.90	244,040.77
10	C04	c3 3/4	60.263	238,409.24	153,650.91	273,252.79
10	C05	c3 3/4	60.263	252,493.26	149,011.04	265,001.24
10	C06	c3 3/4	60.263	285,723.22	145,181.60	258,190.96
10	C07	c3 5/6	60.263	43,690.84	128,865.01	229,173.54
10	C08	c3 5/6	60.263	39,194.60	125,314.33	222,859.01
10	C09	c3 5/6	60.263	259,811.08	173,302.73	308,201.57
10	C10	c3 5/6	60.263	72,199.01	122,492.11	217,839.96
10	C11	c3 5/6	60.263	240,942.84	163,133.37	290,116.38
10	C12	c3 5/6	60.263	32,166.74	84,299.03	149,917.40
10	D01	c2 3/4	60.263	210,463.76	119,526.23	212,565.45
10	D02	c2 3/4	60.263	245,661.46	154,934.60	275,535.69
10	D03	c2 3/4	60.263	240,383.21	147,517.37	262,344.89
10	D04	c2 3/4	60.263	287,256.17	166,092.35	295,378.63
10	D05	c2 3/4	60.263	302,677.44	134,930.89	239,961.10
10	D06	c2 3/4	60.263	244,966.03	149,224.81	265,381.41
10	D07	c2 5/6	60.263	286,428.99	156,091.86	277,593.76
10	D08	c2 5/6	60.263	254,350.59	157,405.21	279,929.42
10	D09	c2 5/6	60.263	274,685.10	177,432.22	315,545.46
10	D10	c2 5/6	60.263	248,531.06	163,960.96	291,588.17
10	D11	c2 5/6	60.263	232,274.74	150,562.11	267,759.66
10	D12	c2 5/6	60.263	181,347.90	127,330.58	226,444.71
10	E01	p3.I.2 3/4	60.263	127,453.94	99,554.82	177,048.30
10	E02	p3.I.2 3/4	60.263	206,832.10	146,320.56	260,216.49
10	E03	p3.I.2 3/4	60.263	175,883.61	129,441.04	230,197.95
10	E04	p3.I.2 3/4	60.263	191,694.67	137,084.67	243,791.37
10	E05	p3.I.2 3/4	60.263	148,776.03	158,219.19	281,377.01
10	E06	p3.I.2 3/4	60.263	165,213.04	116,089.36	206,453.31
10	E07	p3.I.2 5/6	60.263	202,126.84	137,003.55	243,647.12
10	E08	p3.I.2 5/6	60.263	259,994.53	106,460.40	189,329.18
10	E09	p3.I.2 5/6	60.263	169,161.29	133,355.14	237,158.78
10	E10	p3.I.2 5/6	60.263	173,287.10	130,674.82	232,392.11
10	E11	p3.I.2 5/6	60.263	155,648.18	140,303.52	249,515.77
10	E12	p3.I.2 5/6	60.263	138,587.68	119,713.95	212,899.30
10	F01	p6.II.1 3/4	60.263	117,084.45	68,390.54	121,625.73
10	F02	p6.II.1 3/4	60.263	179,162.62	86,052.56	153,035.88
10	F03	p6.II.1 3/4	60.263	179,400.63	87,176.16	155,034.09
10	F04	p6.II.1 3/4	60.263	170,194.02	81,250.01	144,495.02
10	F05	p6.II.1 3/4	60.263	160,109.81	65,578.04	116,623.98
10	F06	p6.II.1 3/4	60.263	173,171.97	84,450.36	150,186.53
10	F07	p6.II.1 5/6	60.263	164,530.31	85,473.11	152,005.37
10	F08	p6.II.1 5/6	60.263	167,052.86	84,526.25	150,321.47
10	F09	p6.II.1 5/6	60.263	154,483.90	81,453.54	144,856.97
10	F10	p6.II.1 5/6	60.263	162,268.81	83,454.59	148,415.65
10	F11	p6.II.1 5/6	60.263	143,540.52	79,259.97	140,955.94
10	F12	p6.II.1 5/6	60.263	124,653.32	83,724.34	148,895.37
10	H01	Background	60.263	0	0	0
10	H02	Background	60.263	0	0	0
10	H03	Background	60.263	0	0	0
10	H04	Background	60.263	0	0	0
10	H05	Background	60.263	0	0	0
10	H06	Background	60.263	0	0	0
10	H07	Background	60.263	0	0	0
10	H08	Background	60.263	0	0	0
10	H09	Background	60.263	0	0	0
10	H10	Background	60.263	0	0	0
10	H11	Background	60.263	0	0	0
10	H12	Background	60.263	0	0	0
11	A01	Background	66.9	0	0	0
11	A02	Background	66.9	0	0	0
11	A03	Background	66.9	0	0	0
11	A04	Background	66.9	0	0	0
11	A05	Background	66.9	0	0	0
11	A06	Background	66.9	0	0	0
11	A07	Background	66.9	0	0	0
11	A08	Background	66.9	0	0	0
11	A09	Background	66.9	0	0	0
11	A10	Background	66.9	0	0	0
11	A11	Background	66.9	0	0	0
11	A12	Background	66.9	0	0	0
11	B01	c1 3/4	66.9	245,748.24	107,589.48	191,337.14
11	B02	c1 3/4	66.9	295,245.90	98,587.19	175,327.46
11	B03	c1 3/4	66.9	293,395.97	105,516.35	187,650.27
11	B04	c1 3/4	66.9	280,890.20	130,071.74	231,319.58
11	B05	c1 3/4	66.9	286,320.57	121,289.56	215,701.35
11	B06	c1 3/4	66.9	292,256.37	109,370.30	194,504.15
11	B07	c1 5/6	66.9	259,958.62	116,857.64	207,819.63
11	B08	c1 5/6	66.9	222,874.55	104,530.86	185,897.68
11	B09	c1 5/6	66.9	239,397.25	116,432.44	207,063.46
11	B10	c1 5/6	66.9	241,547.72	112,726.38	200,472.59
11	B11	c1 5/6	66.9	259,899.38	138,694.18	246,653.73
11	B12	c1 5/6	66.9	253,034.37	111,465.53	198,230.30
11	C01	c3 3/4	66.9	236,583.54	151,978.25	270,278.13
11	C02	c3 3/4	66.9	276,669.91	183,242.57	325,878.59
11	C03	c3 3/4	66.9	292,941.26	156,394.44	278,131.87
11	C04	c3 3/4	66.9	273,999.38	185,157.14	329,283.46
11	C05	c3 3/4	66.9	281,985.12	181,984.08	323,640.49
11	C06	c3 3/4	66.9	301,984.23	163,174.34	290,189.24
11	C07	c3 5/6	66.9	41,607.41	143,237.57	254,733.69
11	C08	c3 5/6	66.9	40,810.41	139,807.49	248,633.64
11	C09	c3 5/6	66.9	274,634.10	200,341.86	356,287.96
11	C10	c3 5/6	66.9	69,222.84	125,594.63	223,357.48
11	C11	c3 5/6	66.9	248,619.86	175,276.53	311,711.79
11	C12	c3 5/6	66.9	30,975.69	89,460.90	159,097.27
11	D01	c2 3/4	66.9	227,346.80	125,359.47	222,939.28
11	D02	c2 3/4	66.9	279,385.86	169,653.38	301,711.56
11	D03	c2 3/4	66.9	282,643.16	155,024.15	275,694.95
11	D04	c2 3/4	66.9	326,101.37	181,949.30	323,578.63
11	D05	c2 3/4	66.9	340,685.37	144,145.06	256,347.58
11	D06	c2 3/4	66.9	285,062.91	154,368.34	274,528.65
11	D07	c2 5/6	66.9	317,982.10	172,750.02	307,218.63
11	D08	c2 5/6	66.9	286,758.01	162,755.69	289,444.72
11	D09	c2 5/6	66.9	309,091.95	191,284.57	340,180.48
11	D10	c2 5/6	66.9	279,160.55	173,685.13	308,881.64
11	D11	c2 5/6	66.9	252,465.62	154,452.88	274,679.00
11	D12	c2 5/6	66.9	194,055.67	129,734.36	230,719.59
11	E01	p3.I.2 3/4	66.9	136,720.02	100,570.14	178,853.93
11	E02	p3.I.2 3/4	66.9	228,446.56	145,842.35	259,366.03
11	E03	p3.I.2 3/4	66.9	198,859.74	137,824.62	245,107.30
11	E04	p3.I.2 3/4	66.9	223,498.81	142,896.70	254,127.49
11	E05	p3.I.2 3/4	66.9	171,792.43	160,815.60	285,994.47
11	E06	p3.I.2 3/4	66.9	192,944.53	107,034.17	190,349.57
11	E07	p3.I.2 5/6	66.9	225,932.56	145,588.81	258,915.15
11	E08	p3.I.2 5/6	66.9	264,272.58	96,095.01	170,895.37
11	E09	p3.I.2 5/6	66.9	190,583.15	141,546.71	251,726.66
11	E10	p3.I.2 5/6	66.9	192,042.02	149,606.84	266,060.80
11	E11	p3.I.2 5/6	66.9	172,930.93	141,124.34	250,975.52
11	E12	p3.I.2 5/6	66.9	151,854.78	118,330.62	210,439.18
11	F01	p6.II.1 3/4	66.9	105,952.07	74,060.49	131,709.17
11	F02	p6.II.1 3/4	66.9	168,665.55	99,432.34	176,830.47
11	F03	p6.II.1 3/4	66.9	175,964.68	94,944.34	168,849.01
11	F04	p6.II.1 3/4	66.9	162,567.59	94,377.39	167,840.75
11	F05	p6.II.1 3/4	66.9	168,340.64	76,514.30	136,073.04
11	F06	p6.II.1 3/4	66.9	170,675.05	98,783.19	175,676.03
11	F07	p6.II.1 5/6	66.9	150,450.07	97,107.18	172,695.41
11	F08	p6.II.1 5/6	66.9	152,063.04	93,566.64	166,398.91
11	F09	p6.II.1 5/6	66.9	140,394.95	83,237.15	148,028.95
11	F10	p6.II.1 5/6	66.9	152,892.74	84,650.31	150,542.11
11	F11	p6.II.1 5/6	66.9	133,610.36	80,902.55	143,877.10
11	F12	p6.II.1 5/6	66.9	119,168.86	87,320.73	155,291.18
11	H01	Background	66.9	0	0	0
11	H02	Background	66.9	0	0	0
11	H03	Background	66.9	0	0	0
11	H04	Background	66.9	0	0	0
11	H05	Background	66.9	0	0	0
11	H06	Background	66.9	0	0	0
11	H07	Background	66.9	0	0	0
11	H08	Background	66.9	0	0	0
11	H09	Background	66.9	0	0	0
11	H10	Background	66.9	0	0	0
11	H11	Background	66.9	0	0	0
11	H12	Background	66.9	0	0	0
12	A01	Background	73.425	0	0	0
12	A02	Background	73.425	0	0	0
12	A03	Background	73.425	0	0	0
12	A04	Background	73.425	0	0	0
12	A05	Background	73.425	0	0	0
12	A06	Background	73.425	0	0	0
12	A07	Background	73.425	0	0	0
12	A08	Background	73.425	0	0	0
12	A09	Background	73.425	0	0	0
12	A10	Background	73.425	0	0	0
12	A11	Background	73.425	0	0	0
12	A12	Background	73.425	0	0	0
12	B01	c1 3/4	73.425	239,988.04	108,452.19	192,871.37
12	B02	c1 3/4	73.425	289,193.67	106,780.77	189,898.91
12	B03	c1 3/4	73.425	284,770.94	109,537.79	194,802.00
12	B04	c1 3/4	73.425	275,679.29	127,610.15	226,941.89
12	B05	c1 3/4	73.425	281,492.66	116,000.62	206,295.50
12	B06	c1 3/4	73.425	283,515.77	116,048.79	206,381.17
12	B07	c1 5/6	73.425	245,691.39	117,825.84	209,541.48
12	B08	c1 5/6	73.425	214,228.44	111,084.64	197,552.93
12	B09	c1 5/6	73.425	227,975.14	119,772.68	213,003.73
12	B10	c1 5/6	73.425	231,868.88	117,062.11	208,183.26
12	B11	c1 5/6	73.425	249,719.90	137,101.29	243,820.93
12	B12	c1 5/6	73.425	243,546.82	118,074.45	209,983.60
12	C01	c3 3/4	73.425	238,515.35	152,306.78	270,862.38
12	C02	c3 3/4	73.425	279,619.08	185,418.89	329,748.95
12	C03	c3 3/4	73.425	295,466.60	154,302.50	274,411.56
12	C04	c3 3/4	73.425	280,272.77	178,989.33	318,314.62
12	C05	c3 3/4	73.425	284,615.00	170,485.11	303,190.71
12	C06	c3 3/4	73.425	302,975.50	160,264.89	285,015.08
12	C07	c3 5/6	73.425	41,184.80	136,922.87	243,503.63
12	C08	c3 5/6	73.425	38,655.59	133,545.83	237,497.90
12	C09	c3 5/6	73.425	274,980.05	190,525.05	338,829.75
12	C10	c3 5/6	73.425	67,987.77	128,377.99	228,307.42
12	C11	c3 5/6	73.425	251,116.69	175,111.04	311,417.47
12	C12	c3 5/6	73.425	33,573.30	97,673.31	173,702.21
12	D01	c2 3/4	73.425	231,093.83	128,914.22	229,261.05
12	D02	c2 3/4	73.425	282,468.77	166,850.56	296,727.04
12	D03	c2 3/4	73.425	291,385.34	156,978.73	279,170.97
12	D04	c2 3/4	73.425	331,582.77	180,950.99	321,803.24
12	D05	c2 3/4	73.425	341,778.67	144,361.90	256,733.21
12	D06	c2 3/4	73.425	289,675.99	158,676.30	282,189.93
12	D07	c2 5/6	73.425	325,057.91	167,791.52	298,400.44
12	D08	c2 5/6	73.425	293,692.53	163,665.20	291,062.19
12	D09	c2 5/6	73.425	319,741.95	184,183.20	327,551.39
12	D10	c2 5/6	73.425	285,984.40	172,029.59	305,937.41
12	D11	c2 5/6	73.425	255,820.30	155,027.97	275,701.75
12	D12	c2 5/6	73.425	198,008.35	130,390.97	231,887.29
12	E01	p3.I.2 3/4	73.425	138,534.88	102,094.06	181,564.07
12	E02	p3.I.2 3/4	73.425	229,995.84	153,841.29	273,591.35
12	E03	p3.I.2 3/4	73.425	203,684.93	132,745.03	236,073.76
12	E04	p3.I.2 3/4	73.425	220,007.45	143,462.80	255,134.25
12	E05	p3.I.2 3/4	73.425	177,777.59	161,776.77	287,703.80
12	E06	p3.I.2 3/4	73.425	199,237.38	116,396.64	206,999.78
12	E07	p3.I.2 5/6	73.425	228,622.66	149,298.03	265,511.62
12	E08	p3.I.2 5/6	73.425	260,188.78	101,069.67	179,742.30
12	E09	p3.I.2 5/6	73.425	194,928.42	138,746.68	246,747.09
12	E10	p3.I.2 5/6	73.425	198,033.84	140,882.37	250,545.20
12	E11	p3.I.2 5/6	73.425	185,385.35	143,190.65	254,650.25
12	E12	p3.I.2 5/6	73.425	157,251.33	118,819.71	211,308.98
12	F01	p6.II.1 3/4	73.425	103,751.75	73,091.22	129,985.43
12	F02	p6.II.1 3/4	73.425	166,666.11	95,981.63	170,693.73
12	F03	p6.II.1 3/4	73.425	170,625.24	94,832.85	168,650.75
12	F04	p6.II.1 3/4	73.425	159,524.52	89,940.25	159,949.74
12	F05	p6.II.1 3/4	73.425	153,283.97	74,288.97	132,115.50
12	F06	p6.II.1 3/4	73.425	167,551.91	94,375.72	167,837.78
12	F07	p6.II.1 5/6	73.425	146,287.31	93,449.21	166,190.08
12	F08	p6.II.1 5/6	73.425	146,137.87	91,834.39	163,318.27
12	F09	p6.II.1 5/6	73.425	137,334.69	85,912.30	152,786.44
12	F10	p6.II.1 5/6	73.425	147,487.81	87,704.14	155,973.04
12	F11	p6.II.1 5/6	73.425	126,221.37	83,237.09	148,028.84
12	F12	p6.II.1 5/6	73.425	116,534.57	87,844.74	156,223.09
12	H01	Background	73.425	0	0	0
12	H02	Background	73.425	0	0	0
12	H03	Background	73.425	0	0	0
12	H04	Background	73.425	0	0	0
12	H05	Background	73.425	0	0	0
12	H06	Background	73.425	0	0	0
12	H07	Background	73.425	0	0	0
12	H08	Background	73.425	0	0	0
12	H09	Background	73.425	0	0	0
12	H10	Background	73.425	0	0	0
12	H11	Background	73.425	0	0	0
12	H12	Background	73.425	0	0	0
13	A01	Background	79.981	0	0	0
13	A02	Background	79.981	0	0	0
13	A03	Background	79.981	0	0	0
13	A04	Background	79.981	0	0	0
13	A05	Background	79.981	0	0	0
13	A06	Background	79.981	0	0	0
13	A07	Background	79.981	0	0	0
13	A08	Background	79.981	0	0	0
13	A09	Background	79.981	0	0	0
13	A10	Background	79.981	0	0	0
13	A11	Background	79.981	0	0	0
13	A12	Background	79.981	0	0	0
13	B01	c1 3/4	79.981	234,420.98	108,547.97	193,041.70
13	B02	c1 3/4	79.981	279,962.92	105,010.00	186,749.78
13	B03	c1 3/4	79.981	273,348.12	109,201.12	194,203.28
13	B04	c1 3/4	79.981	267,107.29	127,629.98	226,977.15
13	B05	c1 3/4	79.981	269,614.84	113,381.37	201,637.43
13	B06	c1 3/4	79.981	273,744.07	117,070.10	208,197.47
13	B07	c1 5/6	79.981	233,870.86	118,775.24	211,229.89
13	B08	c1 5/6	79.981	203,819.40	112,219.25	199,570.72
13	B09	c1 5/6	79.981	216,314.35	122,216.21	217,349.30
13	B10	c1 5/6	79.981	221,059.42	116,480.60	207,149.10
13	B11	c1 5/6	79.981	238,868.16	137,931.89	245,298.08
13	B12	c1 5/6	79.981	234,093.95	117,324.10	208,649.18
13	C01	c3 3/4	79.981	243,425.34	157,734.26	280,514.61
13	C02	c3 3/4	79.981	286,216.67	187,051.96	332,653.20
13	C03	c3 3/4	79.981	296,182.70	156,454.94	278,239.46
13	C04	c3 3/4	79.981	287,010.43	176,894.66	314,589.47
13	C05	c3 3/4	79.981	291,217.21	169,782.56	301,941.30
13	C06	c3 3/4	79.981	301,896.97	164,828.12	293,130.33
13	C07	c3 5/6	79.981	41,537.60	137,920.74	245,278.25
13	C08	c3 5/6	79.981	34,249.38	134,575.37	239,328.84
13	C09	c3 5/6	79.981	275,253.26	190,377.74	338,567.78
13	C10	c3 5/6	79.981	66,011.64	133,675.29	237,728.13
13	C11	c3 5/6	79.981	251,547.66	181,443.13	322,678.46
13	C12	c3 5/6	79.981	31,817.30	98,513.00	175,195.52
13	D01	c2 3/4	79.981	241,743.13	128,229.44	228,043.24
13	D02	c2 3/4	79.981	295,072.36	169,975.22	302,283.94
13	D03	c2 3/4	79.981	298,627.76	160,780.18	285,931.48
13	D04	c2 3/4	79.981	342,769.88	185,614.29	330,096.46
13	D05	c2 3/4	79.981	341,399.93	148,639.93	264,341.25
13	D06	c2 3/4	79.981	296,552.40	163,699.83	291,123.79
13	D07	c2 5/6	79.981	332,687.49	169,041.96	300,624.23
13	D08	c2 5/6	79.981	303,165.39	165,578.58	294,464.95
13	D09	c2 5/6	79.981	326,050.30	185,082.51	329,150.74
13	D10	c2 5/6	79.981	292,949.51	174,840.98	310,937.20
13	D11	c2 5/6	79.981	257,816.08	159,034.12	282,826.29
13	D12	c2 5/6	79.981	200,576.79	134,642.13	239,447.56
13	E01	p3.I.2 3/4	79.981	148,059.62	103,462.80	183,998.25
13	E02	p3.I.2 3/4	79.981	236,245.98	159,937.62	284,433.06
13	E03	p3.I.2 3/4	79.981	216,418.78	137,956.14	245,341.20
13	E04	p3.I.2 3/4	79.981	230,960.57	151,193.06	268,881.73
13	E05	p3.I.2 3/4	79.981	190,663.90	166,831.97	296,693.98
13	E06	p3.I.2 3/4	79.981	207,141.66	124,456.18	221,332.87
13	E07	p3.I.2 5/6	79.981	236,640.48	155,292.66	276,172.47
13	E08	p3.I.2 5/6	79.981	258,952.75	110,230.41	196,033.76
13	E09	p3.I.2 5/6	79.981	193,677.17	142,378.61	253,206.13
13	E10	p3.I.2 5/6	79.981	205,102.71	144,398.82	256,798.86
13	E11	p3.I.2 5/6	79.981	190,025.38	146,143.29	259,901.23
13	E12	p3.I.2 5/6	79.981	163,040.05	122,721.74	218,248.35
13	F01	p6.II.1 3/4	79.981	100,641.19	74,087.16	131,756.60
13	F02	p6.II.1 3/4	79.981	162,448.35	95,614.80	170,041.35
13	F03	p6.II.1 3/4	79.981	165,721.43	95,518.33	169,869.81
13	F04	p6.II.1 3/4	79.981	155,261.34	89,686.42	159,498.32
13	F05	p6.II.1 3/4	79.981	147,102.44	76,655.77	136,324.62
13	F06	p6.II.1 3/4	79.981	164,060.59	94,096.34	167,340.94
13	F07	p6.II.1 5/6	79.981	140,175.74	93,911.79	167,012.72
13	F08	p6.II.1 5/6	79.981	139,796.91	92,662.79	164,791.50
13	F09	p6.II.1 5/6	79.981	132,299.88	86,955.51	154,641.67
13	F10	p6.II.1 5/6	79.981	141,960.08	88,394.17	157,200.20
13	F11	p6.II.1 5/6	79.981	119,150.98	84,194.88	149,732.18
13	F12	p6.II.1 5/6	79.981	113,455.20	87,084.27	154,870.66
13	H01	Background	79.981	0	0	0
13	H02	Background	79.981	0	0	0
13	H03	Background	79.981	0	0	0
13	H04	Background	79.981	0	0	0
13	H05	Background	79.981	0	0	0
13	H06	Background	79.981	0	0	0
13	H07	Background	79.981	0	0	0
13	H08	Background	79.981	0	0	0
13	H09	Background	79.981	0	0	0
13	H10	Background	79.981	0	0	0
13	H11	Background	79.981	0	0	0
13	H12	Background	79.981	0	0	0
14	A01	Background	86.634	0	0	0
14	A02	Background	86.634	0	0	0
14	A03	Background	86.634	0	0	0
14	A04	Background	86.634	0	0	0
14	A05	Background	86.634	0	0	0
14	A06	Background	86.634	0	0	0
14	A07	Background	86.634	0	0	0
14	A08	Background	86.634	0	0	0
14	A09	Background	86.634	0	0	0
14	A10	Background	86.634	0	0	0
14	A11	Background	86.634	0	0	0
14	A12	Background	86.634	0	0	0
14	B01	c1 3/4	86.634	38,789.15	100,701.14	179,086.91
14	B02	c1 3/4	86.634	43,950.11	99,114.49	176,265.21
14	B03	c1 3/4	86.634	44,941.93	103,091.79	183,338.44
14	B04	c1 3/4	86.634	49,334.94	132,497.98	235,634.41
14	B05	c1 3/4	86.634	47,488.56	115,068.38	204,637.61
14	B06	c1 3/4	86.634	46,262.08	109,084.15	193,995.24
14	B07	c1 5/6	86.634	44,454.32	115,945.13	206,196.81
14	B08	c1 5/6	86.634	44,224.96	110,680.54	196,834.28
14	B09	c1 5/6	86.634	46,086.02	115,856.11	206,038.50
14	B10	c1 5/6	86.634	42,165.22	113,159.07	201,242.09
14	B11	c1 5/6	86.634	39,938.15	136,366.98	242,515.04
14	B12	c1 5/6	86.634	35,529.67	110,182.81	195,949.10
14	C01	c3 3/4	86.634	39,806.09	145,577.84	258,895.64
14	C02	c3 3/4	86.634	67,496.83	187,472.85	333,401.72
14	C03	c3 3/4	86.634	58,140.00	155,725.61	276,942.42
14	C04	c3 3/4	86.634	60,494.65	182,147.73	323,931.53
14	C05	c3 3/4	86.634	59,382.23	174,210.70	309,816.30
14	C06	c3 3/4	86.634	66,895.88	160,345.05	285,157.65
14	C07	c3 5/6	86.634	40,964.26	151,795.37	269,952.88
14	C08	c3 5/6	86.634	34,269.30	150,653.77	267,922.67
14	C09	c3 5/6	86.634	54,298.58	188,801.32	335,764.26
14	C10	c3 5/6	86.634	67,754.69	137,060.09	243,747.66
14	C11	c3 5/6	86.634	34,173.35	173,091.00	307,825.04
14	C12	c3 5/6	86.634	30,113.57	103,725.36	184,465.18
14	D01	c2 3/4	86.634	51,698.09	122,226.09	217,366.87
14	D02	c2 3/4	86.634	66,359.28	167,602.88	298,064.97
14	D03	c2 3/4	86.634	61,909.53	163,323.55	290,454.61
14	D04	c2 3/4	86.634	95,873.69	179,981.76	320,079.56
14	D05	c2 3/4	86.634	72,873.87	136,666.55	243,047.80
14	D06	c2 3/4	86.634	67,016.18	163,686.07	291,099.31
14	D07	c2 5/6	86.634	70,248.35	168,965.65	300,488.51
14	D08	c2 5/6	86.634	61,424.82	161,252.83	286,772.03
14	D09	c2 5/6	86.634	57,074.93	182,955.05	325,367.27
14	D10	c2 5/6	86.634	51,876.69	170,249.84	302,772.32
14	D11	c2 5/6	86.634	50,667.12	152,393.24	271,016.13
14	D12	c2 5/6	86.634	34,068.52	127,382.62	226,537.25
14	E01	p3.I.2 3/4	86.634	42,981.34	108,016.57	192,096.66
14	E02	p3.I.2 3/4	86.634	71,903.19	164,847.39	293,164.60
14	E03	p3.I.2 3/4	86.634	51,422.35	153,048.15	272,180.82
14	E04	p3.I.2 3/4	86.634	69,269.80	159,355.28	283,397.43
14	E05	p3.I.2 3/4	86.634	68,656.95	188,073.15	334,469.29
14	E06	p3.I.2 3/4	86.634	55,805.96	121,766.07	216,548.77
14	E07	p3.I.2 5/6	86.634	66,339.00	152,137.57	270,561.46
14	E08	p3.I.2 5/6	86.634	77,622.79	102,289.98	181,912.50
14	E09	p3.I.2 5/6	86.634	49,615.14	143,526.58	255,247.66
14	E10	p3.I.2 5/6	86.634	50,193.62	150,287.47	267,271.23
14	E11	p3.I.2 5/6	86.634	51,518.76	155,755.69	276,995.91
14	E12	p3.I.2 5/6	86.634	46,024.41	122,592.16	218,017.90
14	F01	p6.II.1 3/4	86.634	16,059.79	73,995.37	131,593.37
14	F02	p6.II.1 3/4	86.634	30,075.76	97,546.11	173,476.00
14	F03	p6.II.1 3/4	86.634	27,489.24	97,013.99	172,529.67
14	F04	p6.II.1 3/4	86.634	27,215.76	91,216.77	162,219.90
14	F05	p6.II.1 3/4	86.634	43,562.76	73,537.48	130,779.06
14	F06	p6.II.1 3/4	86.634	26,614.61	99,213.98	176,442.14
14	F07	p6.II.1 5/6	86.634	26,136.63	93,242.25	165,822.01
14	F08	p6.II.1 5/6	86.634	24,464.32	90,837.30	161,545.05
14	F09	p6.II.1 5/6	86.634	29,272.97	82,279.70	146,326.22
14	F10	p6.II.1 5/6	86.634	27,348.67	84,762.57	150,741.76
14	F11	p6.II.1 5/6	86.634	26,590.72	81,387.45	144,739.44
14	F12	p6.II.1 5/6	86.634	17,940.33	84,451.02	150,187.70
14	H01	Background	86.634	0	0	0
14	H02	Background	86.634	0	0	0
14	H03	Background	86.634	0	0	0
14	H04	Background	86.634	0	0	0
14	H05	Background	86.634	0	0	0
14	H06	Background	86.634	0	0	0
14	H07	Background	86.634	0	0	0
14	H08	Background	86.634	0	0	0
14	H09	Background	86.634	0	0	0
14	H10	Background	86.634	0	0	0
14	H11	Background	86.634	0	0	0
14	H12	Background	86.634	0	0	0
15	A01	Background	93.159	0	0	0
15	A02	Background	93.159	0	0	0
15	A03	Background	93.159	0	0	0
15	A04	Background	93.159	0	0	0
15	A05	Background	93.159	0	0	0
15	A06	Background	93.159	0	0	0
15	A07	Background	93.159	0	0	0
15	A08	Background	93.159	0	0	0
15	A09	Background	93.159	0	0	0
15	A10	Background	93.159	0	0	0
15	A11	Background	93.159	0	0	0
15	A12	Background	93.159	0	0	0
15	B01	c1 3/4	93.159	36,712.94	98,046.33	174,365.58
15	B02	c1 3/4	93.159	43,284.10	96,183.66	171,053.02
15	B03	c1 3/4	93.159	43,769.98	101,441.29	180,403.20
15	B04	c1 3/4	93.159	46,640.13	126,908.91	225,694.81
15	B05	c1 3/4	93.159	43,173.03	112,226.19	199,583.06
15	B06	c1 3/4	93.159	45,174.30	108,423.44	192,820.24
15	B07	c1 5/6	93.159	43,099.01	113,545.94	201,930.10
15	B08	c1 5/6	93.159	42,018.32	107,492.48	191,164.63
15	B09	c1 5/6	93.159	41,214.35	114,915.22	204,365.22
15	B10	c1 5/6	93.159	39,956.15	111,230.87	197,812.98
15	B11	c1 5/6	93.159	40,284.38	129,224.33	229,812.55
15	B12	c1 5/6	93.159	34,526.33	111,811.98	198,846.42
15	C01	c3 3/4	93.159	41,355.26	142,716.62	253,807.24
15	C02	c3 3/4	93.159	60,033.49	177,407.64	315,501.75
15	C03	c3 3/4	93.159	58,784.50	150,101.26	266,940.09
15	C04	c3 3/4	93.159	58,041.27	169,988.72	302,307.94
15	C05	c3 3/4	93.159	58,434.71	166,222.71	295,610.46
15	C06	c3 3/4	93.159	67,974.04	151,912.97	270,162.02
15	C07	c3 5/6	93.159	37,773.88	142,046.13	252,614.84
15	C08	c3 5/6	93.159	35,378.06	140,867.54	250,518.84
15	C09	c3 5/6	93.159	52,541.94	174,981.75	311,187.55
15	C10	c3 5/6	93.159	66,226.92	139,677.94	248,403.24
15	C11	c3 5/6	93.159	36,381.90	165,039.24	293,505.79
15	C12	c3 5/6	93.159	30,561.70	108,392.01	192,764.35
15	D01	c2 3/4	93.159	48,399.45	114,321.14	203,308.71
15	D02	c2 3/4	93.159	64,847.62	157,402.07	279,923.85
15	D03	c2 3/4	93.159	60,129.37	155,187.52	275,985.48
15	D04	c2 3/4	93.159	92,719.68	169,316.28	301,112.06
15	D05	c2 3/4	93.159	74,100.20	131,869.23	234,516.24
15	D06	c2 3/4	93.159	71,335.32	154,548.28	274,848.65
15	D07	c2 5/6	93.159	67,785.10	157,114.45	279,412.34
15	D08	c2 5/6	93.159	59,291.10	154,431.59	274,641.14
15	D09	c2 5/6	93.159	56,581.00	168,321.84	299,343.57
15	D10	c2 5/6	93.159	53,241.02	161,908.23	287,937.59
15	D11	c2 5/6	93.159	51,741.22	144,918.85	257,723.68
15	D12	c2 5/6	93.159	32,794.96	121,828.57	216,659.92
15	E01	p3.I.2 3/4	93.159	41,409.21	103,231.27	183,586.50
15	E02	p3.I.2 3/4	93.159	74,384.58	162,487.22	288,967.26
15	E03	p3.I.2 3/4	93.159	52,877.27	143,767.71	255,676.50
15	E04	p3.I.2 3/4	93.159	64,928.62	154,142.94	274,127.81
15	E05	p3.I.2 3/4	93.159	69,247.87	178,613.26	317,645.82
15	E06	p3.I.2 3/4	93.159	59,163.19	123,624.68	219,854.13
15	E07	p3.I.2 5/6	93.159	59,039.43	146,560.58	260,643.33
15	E08	p3.I.2 5/6	93.159	76,883.50	102,952.43	183,090.60
15	E09	p3.I.2 5/6	93.159	49,107.20	137,952.64	245,334.97
15	E10	p3.I.2 5/6	93.159	50,162.40	143,279.36	254,808.02
15	E11	p3.I.2 5/6	93.159	50,024.24	147,880.84	262,991.29
15	E12	p3.I.2 5/6	93.159	42,940.20	116,512.55	207,205.91
15	F01	p6.II.1 3/4	93.159	15,731.45	70,243.89	124,921.73
15	F02	p6.II.1 3/4	93.159	30,535.59	91,918.67	163,468.16
15	F03	p6.II.1 3/4	93.159	28,317.94	93,709.39	166,652.79
15	F04	p6.II.1 3/4	93.159	27,322.76	87,194.60	155,066.87
15	F05	p6.II.1 3/4	93.159	34,349.96	71,791.45	127,673.91
15	F06	p6.II.1 3/4	93.159	28,217.29	91,966.74	163,553.65
15	F07	p6.II.1 5/6	93.159	26,122.49	91,396.59	162,539.69
15	F08	p6.II.1 5/6	93.159	25,725.86	89,730.19	159,576.18
15	F09	p6.II.1 5/6	93.159	29,619.46	83,131.05	147,840.25
15	F10	p6.II.1 5/6	93.159	27,345.92	84,677.32	150,590.15
15	F11	p6.II.1 5/6	93.159	26,346.08	81,696.11	145,288.37
15	F12	p6.II.1 5/6	93.159	16,739.63	85,727.41	152,457.62
15	H01	Background	93.159	0	0	0
15	H02	Background	93.159	0	0	0
15	H03	Background	93.159	0	0	0
15	H04	Background	93.159	0	0	0
15	H05	Background	93.159	0	0	0
15	H06	Background	93.159	0	0	0
15	H07	Background	93.159	0	0	0
15	H08	Background	93.159	0	0	0
15	H09	Background	93.159	0	0	0
15	H10	Background	93.159	0	0	0
15	H11	Background	93.159	0	0	0
15	H12	Background	93.159	0	0	0
16	A01	Background	99.668	0	0	0
16	A02	Background	99.668	0	0	0
16	A03	Background	99.668	0	0	0
16	A04	Background	99.668	0	0	0
16	A05	Background	99.668	0	0	0
16	A06	Background	99.668	0	0	0
16	A07	Background	99.668	0	0	0
16	A08	Background	99.668	0	0	0
16	A09	Background	99.668	0	0	0
16	A10	Background	99.668	0	0	0
16	A11	Background	99.668	0	0	0
16	A12	Background	99.668	0	0	0
16	B01	c1 3/4	99.668	34,783.69	97,650.93	173,662.41
16	B02	c1 3/4	99.668	40,871.03	91,031.99	161,891.28
16	B03	c1 3/4	99.668	41,417.39	101,076.56	179,754.56
16	B04	c1 3/4	99.668	46,148.02	126,147.36	224,340.47
16	B05	c1 3/4	99.668	41,327.04	114,277.32	203,230.79
16	B06	c1 3/4	99.668	42,265.53	108,350.52	192,690.56
16	B07	c1 5/6	99.668	40,961.66	112,638.94	200,317.09
16	B08	c1 5/6	99.668	40,530.09	106,794.26	189,922.92
16	B09	c1 5/6	99.668	39,533.57	114,841.80	204,234.67
16	B10	c1 5/6	99.668	38,568.49	108,664.24	193,248.49
16	B11	c1 5/6	99.668	38,515.55	128,506.86	228,536.60
16	B12	c1 5/6	99.668	32,615.68	108,562.93	193,068.31
16	C01	c3 3/4	99.668	40,600.99	141,026.38	250,801.31
16	C02	c3 3/4	99.668	57,684.70	177,862.18	316,310.10
16	C03	c3 3/4	99.668	57,883.29	147,396.15	262,129.32
16	C04	c3 3/4	99.668	55,764.95	167,120.50	297,207.10
16	C05	c3 3/4	99.668	55,171.21	165,811.55	294,879.26
16	C06	c3 3/4	99.668	62,926.61	152,011.08	270,336.50
16	C07	c3 5/6	99.668	38,298.50	142,929.47	254,185.77
16	C08	c3 5/6	99.668	35,448.24	143,506.73	255,212.37
16	C09	c3 5/6	99.668	52,248.67	177,026.20	314,823.40
16	C10	c3 5/6	99.668	67,277.45	141,171.84	251,060.00
16	C11	c3 5/6	99.668	32,737.83	165,783.03	294,828.54
16	C12	c3 5/6	99.668	29,395.95	108,387.50	192,756.33
16	D01	c2 3/4	99.668	47,404.18	112,804.95	200,612.32
16	D02	c2 3/4	99.668	63,408.63	158,895.09	282,579.02
16	D03	c2 3/4	99.668	55,387.67	151,068.87	268,660.88
16	D04	c2 3/4	99.668	90,781.86	172,683.86	307,100.98
16	D05	c2 3/4	99.668	72,663.81	135,654.46	241,247.88
16	D06	c2 3/4	99.668	65,956.79	153,371.75	272,756.32
16	D07	c2 5/6	99.668	62,508.67	155,470.66	276,489.02
16	D08	c2 5/6	99.668	59,718.40	155,645.44	276,799.86
16	D09	c2 5/6	99.668	57,359.05	170,462.99	303,151.39
16	D10	c2 5/6	99.668	51,345.64	162,695.21	289,337.16
16	D11	c2 5/6	99.668	49,867.02	143,692.64	255,542.99
16	D12	c2 5/6	99.668	31,257.60	122,459.51	217,782.00
16	E01	p3.I.2 3/4	99.668	42,886.62	104,070.06	185,078.19
16	E02	p3.I.2 3/4	99.668	72,863.76	161,579.21	287,352.47
16	E03	p3.I.2 3/4	99.668	51,045.87	145,433.07	258,638.17
16	E04	p3.I.2 3/4	99.668	67,113.33	153,565.15	273,100.26
16	E05	p3.I.2 3/4	99.668	71,368.04	177,852.29	316,292.52
16	E06	p3.I.2 3/4	99.668	57,636.48	125,684.74	223,517.74
16	E07	p3.I.2 5/6	99.668	57,527.40	149,367.68	265,635.48
16	E08	p3.I.2 5/6	99.668	70,907.30	103,172.37	183,481.74
16	E09	p3.I.2 5/6	99.668	44,059.31	142,642.53	253,675.47
16	E10	p3.I.2 5/6	99.668	52,173.73	145,116.86	258,075.82
16	E11	p3.I.2 5/6	99.668	48,544.56	148,853.27	264,720.66
16	E12	p3.I.2 5/6	99.668	45,455.39	122,553.16	217,948.53
16	F01	p6.II.1 3/4	99.668	14,266.60	70,254.43	124,940.49
16	F02	p6.II.1 3/4	99.668	28,912.27	92,936.74	165,278.70
16	F03	p6.II.1 3/4	99.668	26,656.19	93,016.45	165,420.45
16	F04	p6.II.1 3/4	99.668	25,962.19	89,183.59	158,604.10
16	F05	p6.II.1 3/4	99.668	34,618.38	73,187.35	130,156.39
16	F06	p6.II.1 3/4	99.668	27,229.78	91,621.81	162,940.22
16	F07	p6.II.1 5/6	99.668	24,982.27	93,324.52	165,968.32
16	F08	p6.II.1 5/6	99.668	24,204.72	90,609.01	161,139.06
16	F09	p6.II.1 5/6	99.668	27,745.31	83,235.44	148,025.90
16	F10	p6.II.1 5/6	99.668	26,614.58	84,601.29	150,454.94
16	F11	p6.II.1 5/6	99.668	25,384.47	81,115.27	144,255.39
16	F12	p6.II.1 5/6	99.668	17,060.90	86,469.52	153,777.39
16	H01	Background	99.668	0	0	0
16	H02	Background	99.668	0	0	0
16	H03	Background	99.668	0	0	0
16	H04	Background	99.668	0	0	0
16	H05	Background	99.668	0	0	0
16	H06	Background	99.668	0	0	0
16	H07	Background	99.668	0	0	0
16	H08	Background	99.668	0	0	0
16	H09	Background	99.668	0	0	0
16	H10	Background	99.668	0	0	0
16	H11	Background	99.668	0	0	0
16	H12	Background	99.668	0	0	0
