time	well1	fibro_id	time_exact	ocr	ecar	ppr
1	A01	Background	1.30832	0	0	0
1	A02	Background	1.30832	0	0	0
1	A03	Background	1.30832	0	0	0
1	A04	Background	1.30832	0	0	0
1	A05	Background	1.30832	0	0	0
1	A06	Background	1.30832	0	0	0
1	A07	Background	1.30832	0	0	0
1	A08	Background	1.30832	0	0	0
1	A09	Background	1.30832	0	0	0
1	A10	Background	1.30832	0	0	0
1	A11	Background	1.30832	0	0	0
1	A12	Background	1.30832	0	0	0
1	B01	c1 3/4	1.30832	121,883.00	99,106.00	176,250.11
1	B02	c1 3/4	1.30832	135,513.64	154,051.55	273,965.27
1	B03	c1 3/4	1.30832	135,572.89	145,091.13	258,030.07
1	B04	c1 3/4	1.30832	81,522.29	109,344.92	194,459.01
1	B05	c1 3/4	1.30832	126,498.77	141,985.16	252,506.41
1	B06	c1 3/4	1.30832	62,535.01	104,934.95	186,616.31
1	B07	c1 5/6	1.30832	99,086.83	116,181.57	206,617.30
1	B08	c1 5/6	1.30832	126,371.75	123,654.16	219,906.56
1	B09	c1 5/6	1.30832	130,589.80	118,691.87	211,081.63
1	B10	c1 5/6	1.30832	45,776.10	91,727.20	163,127.66
1	B11	c1 5/6	1.30832	112,988.58	103,610.83	184,261.50
1	B12	c1 5/6	1.30832	116,544.05	86,789.89	154,347.14
1	C01	c3 3/4	1.30832	147,893.40	103,539.05	184,133.84
1	C02	c3 3/4	1.30832	85,869.81	170,620.42	303,431.36
1	C03	c3 3/4	1.30832	120,555.23	125,525.53	223,234.61
1	C04	c3 3/4	1.30832	177,051.32	166,769.91	296,583.60
1	C05	c3 3/4	1.30832	162,514.15	130,634.91	232,321.12
1	C06	c3 3/4	1.30832	176,001.38	127,686.29	227,077.30
1	C07	c3 5/6	1.30832	178,808.95	147,967.07	263,144.64
1	C08	c3 5/6	1.30832	99,293.02	123,892.92	220,331.17
1	C09	c3 5/6	1.30832	152,695.36	137,935.63	245,304.72
1	C10	c3 5/6	1.30832	153,820.62	130,648.90	232,346.01
1	C11	c3 5/6	1.30832	141,662.93	124,827.14	221,992.59
1	C12	c3 5/6	1.30832	105,851.21	95,663.85	170,128.59
1	D01	c2 3/4	1.30832	162,365.22	103,307.92	183,722.80
1	D02	c2 3/4	1.30832	101,865.18	106,974.25	190,243.00
1	D03	c2 3/4	1.30832	194,026.19	162,099.67	288,278.06
1	D04	c2 3/4	1.30832	172,676.46	133,005.11	236,536.29
1	D05	c2 3/4	1.30832	175,249.24	106,483.29	189,369.88
1	D06	c2 3/4	1.30832	90,721.02	101,997.97	181,393.19
1	D07	c2 5/6	1.30832	173,983.53	124,231.42	220,933.16
1	D08	c2 5/6	1.30832	193,837.00	87,364.16	155,368.42
1	D09	c2 5/6	1.30832	54,668.12	66,814.85	118,823.54
1	D10	c2 5/6	1.30832	170,873.92	116,600.94	207,363.12
1	D11	c2 5/6	1.30832	156,596.94	104,409.34	185,681.58
1	D12	c2 5/6	1.30832	116,340.22	79,452.77	141,298.80
1	E01	p3.I.2 3/4	1.30832	138,446.94	139,111.77	247,396.37
1	E02	p3.I.2 3/4	1.30832	187,521.26	233,587.54	415,412.07
1	E03	p3.I.2 3/4	1.30832	238,111.60	173,416.96	308,404.71
1	E04	p3.I.2 3/4	1.30832	181,170.05	158,523.16	281,917.59
1	E05	p3.I.2 3/4	1.30832	170,663.71	185,090.41	329,164.79
1	E06	p3.I.2 3/4	1.30832	175,194.47	99,292.47	176,581.74
1	E07	p3.I.2 5/6	1.30832	145,772.29	107,067.66	190,409.13
1	E08	p3.I.2 5/6	1.30832	165,868.28	126,707.51	225,336.63
1	E09	p3.I.2 5/6	1.30832	135,038.19	87,788.24	156,122.61
1	E10	p3.I.2 5/6	1.30832	161,721.39	129,285.39	229,921.14
1	E11	p3.I.2 5/6	1.30832	140,981.99	122,514.09	217,879.06
1	E12	p3.I.2 5/6	1.30832	162,777.79	158,796.82	282,404.27
1	F01	p3.II.2 3/4	1.30832	159,724.43	103,469.87	184,010.81
1	F02	p3.II.2 3/4	1.30832	174,656.94	166,703.81	296,466.06
1	F03	p3.II.2 3/4	1.30832	172,714.84	159,975.29	284,500.05
1	F04	p3.II.2 3/4	1.30832	152,118.76	112,681.17	200,392.19
1	F05	p3.II.2 3/4	1.30832	159,851.09	92,358.30	164,250.00
1	F06	p3.II.2 3/4	1.30832	163,605.33	90,066.87	160,174.92
1	F07	p3.II.2 5/6	1.30832	164,973.02	114,457.80	203,551.75
1	F08	p3.II.2 5/6	1.30832	167,056.41	137,182.62	243,965.57
1	F09	p3.II.2 5/6	1.30832	182,689.59	123,137.40	218,987.55
1	F10	p3.II.2 5/6	1.30832	152,588.06	97,218.02	172,892.53
1	F11	p3.II.2 5/6	1.30832	161,171.41	100,413.95	178,576.16
1	F12	p3.II.2 5/6	1.30832	143,589.27	88,956.46	158,200.17
1	G01	p3.III.1 3/4	1.30832	122,878.85	91,914.04	163,459.94
1	G02	p3.III.1 3/4	1.30832	140,263.84	112,169.33	199,481.93
1	G03	p3.III.1 3/4	1.30832	151,396.51	109,416.92	194,587.05
1	G04	p3.III.1 3/4	1.30832	145,048.79	79,123.45	140,713.15
1	G05	p3.III.1 3/4	1.30832	141,599.21	78,382.88	139,396.11
1	G06	p3.III.1 3/4	1.30832	70,590.31	62,109.64	110,455.79
1	G07	p3.III.1 5/6	1.30832	138,628.09	81,482.26	144,908.05
1	G08	p3.III.1 5/6	1.30832	129,014.55	81,934.48	145,712.28
1	G09	p3.III.1 5/6	1.30832	126,727.46	88,281.51	156,999.84
1	G10	p3.III.1 5/6	1.30832	144,772.96	76,756.25	136,503.31
1	G11	p3.III.1 5/6	1.30832	126,119.24	70,022.16	124,527.40
1	G12	p3.III.1 5/6	1.30832	123,723.25	91,102.77	162,017.17
1	H01	Background	1.30832	0	0	0
1	H02	Background	1.30832	0	0	0
1	H03	Background	1.30832	0	0	0
1	H04	Background	1.30832	0	0	0
1	H05	Background	1.30832	0	0	0
1	H06	Background	1.30832	0	0	0
1	H07	Background	1.30832	0	0	0
1	H08	Background	1.30832	0	0	0
1	H09	Background	1.30832	0	0	0
1	H10	Background	1.30832	0	0	0
1	H11	Background	1.30832	0	0	0
1	H12	Background	1.30832	0	0	0
2	A01	Background	7.80651	0	0	0
2	A02	Background	7.80651	0	0	0
2	A03	Background	7.80651	0	0	0
2	A04	Background	7.80651	0	0	0
2	A05	Background	7.80651	0	0	0
2	A06	Background	7.80651	0	0	0
2	A07	Background	7.80651	0	0	0
2	A08	Background	7.80651	0	0	0
2	A09	Background	7.80651	0	0	0
2	A10	Background	7.80651	0	0	0
2	A11	Background	7.80651	0	0	0
2	A12	Background	7.80651	0	0	0
2	B01	c1 3/4	7.80651	117,795.92	88,053.18	156,593.77
2	B02	c1 3/4	7.80651	130,712.80	103,885.88	184,750.65
2	B03	c1 3/4	7.80651	133,706.39	104,033.79	185,013.69
2	B04	c1 3/4	7.80651	76,664.80	90,083.58	160,204.64
2	B05	c1 3/4	7.80651	119,570.88	110,200.29	195,980.19
2	B06	c1 3/4	7.80651	55,673.47	81,276.41	144,541.96
2	B07	c1 5/6	7.80651	90,691.74	68,737.47	122,242.73
2	B08	c1 5/6	7.80651	122,062.42	89,148.40	158,541.52
2	B09	c1 5/6	7.80651	111,054.19	85,885.46	152,738.69
2	B10	c1 5/6	7.80651	41,932.71	65,382.40	116,276.06
2	B11	c1 5/6	7.80651	111,337.79	81,426.90	144,809.61
2	B12	c1 5/6	7.80651	113,569.19	66,294.49	117,898.12
2	C01	c3 3/4	7.80651	145,891.18	77,654.96	138,101.59
2	C02	c3 3/4	7.80651	67,247.78	149,382.16	265,661.23
2	C03	c3 3/4	7.80651	100,869.15	85,408.73	151,890.88
2	C04	c3 3/4	7.80651	162,357.18	128,462.62	228,457.93
2	C05	c3 3/4	7.80651	153,202.11	133,390.92	237,222.41
2	C06	c3 3/4	7.80651	167,797.16	122,322.29	217,537.97
2	C07	c3 5/6	7.80651	164,717.02	124,464.11	221,346.98
2	C08	c3 5/6	7.80651	85,754.22	112,246.87	199,619.84
2	C09	c3 5/6	7.80651	139,411.89	105,743.51	188,054.25
2	C10	c3 5/6	7.80651	142,075.91	96,610.13	171,811.46
2	C11	c3 5/6	7.80651	137,097.49	92,887.34	165,190.85
2	C12	c3 5/6	7.80651	102,625.82	83,884.41	149,180.04
2	D01	c2 3/4	7.80651	158,502.99	87,380.88	155,398.16
2	D02	c2 3/4	7.80651	93,110.80	79,735.53	141,801.66
2	D03	c2 3/4	7.80651	187,747.22	117,534.66	209,023.64
2	D04	c2 3/4	7.80651	168,333.74	93,656.78	166,559.22
2	D05	c2 3/4	7.80651	171,172.14	91,995.28	163,604.41
2	D06	c2 3/4	7.80651	86,922.32	85,832.42	152,644.38
2	D07	c2 5/6	7.80651	165,291.54	96,500.81	171,617.04
2	D08	c2 5/6	7.80651	194,763.60	90,667.34	161,242.80
2	D09	c2 5/6	7.80651	50,053.56	64,071.19	113,944.21
2	D10	c2 5/6	7.80651	165,083.68	81,812.28	145,494.96
2	D11	c2 5/6	7.80651	151,316.98	67,869.07	120,698.35
2	D12	c2 5/6	7.80651	115,077.80	62,352.76	110,888.15
2	E01	p3.I.2 3/4	7.80651	149,470.26	124,355.56	221,153.94
2	E02	p3.I.2 3/4	7.80651	184,898.73	156,213.48	277,810.05
2	E03	p3.I.2 3/4	7.80651	186,930.47	150,246.25	267,197.94
2	E04	p3.I.2 3/4	7.80651	172,882.92	132,006.69	234,760.70
2	E05	p3.I.2 3/4	7.80651	161,510.78	136,029.71	241,915.23
2	E06	p3.I.2 3/4	7.80651	167,837.05	106,319.84	189,079.20
2	E07	p3.I.2 5/6	7.80651	134,386.58	105,488.35	187,600.49
2	E08	p3.I.2 5/6	7.80651	156,412.81	116,838.13	207,784.94
2	E09	p3.I.2 5/6	7.80651	127,243.42	85,676.83	152,367.67
2	E10	p3.I.2 5/6	7.80651	149,922.44	114,487.65	203,604.84
2	E11	p3.I.2 5/6	7.80651	139,395.95	120,749.39	214,740.72
2	E12	p3.I.2 5/6	7.80651	109,485.14	136,181.18	242,184.61
2	F01	p3.II.2 3/4	7.80651	156,726.41	95,175.18	169,259.55
2	F02	p3.II.2 3/4	7.80651	167,991.61	89,775.89	159,657.43
2	F03	p3.II.2 3/4	7.80651	168,234.72	102,922.75	183,037.81
2	F04	p3.II.2 3/4	7.80651	147,145.27	86,741.05	154,260.28
2	F05	p3.II.2 3/4	7.80651	146,939.70	75,913.35	135,004.30
2	F06	p3.II.2 3/4	7.80651	158,319.46	72,997.68	129,819.07
2	F07	p3.II.2 5/6	7.80651	155,177.92	85,294.84	151,688.34
2	F08	p3.II.2 5/6	7.80651	161,863.10	90,727.21	161,349.26
2	F09	p3.II.2 5/6	7.80651	172,818.27	91,706.90	163,091.56
2	F10	p3.II.2 5/6	7.80651	144,944.31	46,035.33	81,869.22
2	F11	p3.II.2 5/6	7.80651	161,918.71	50,055.37	89,018.47
2	F12	p3.II.2 5/6	7.80651	137,978.85	57,528.26	102,308.26
2	G01	p3.III.1 3/4	7.80651	120,279.58	84,968.17	151,107.39
2	G02	p3.III.1 3/4	7.80651	133,141.28	84,557.45	150,376.97
2	G03	p3.III.1 3/4	7.80651	140,227.03	71,596.67	127,327.52
2	G04	p3.III.1 3/4	7.80651	135,014.62	84,696.02	150,623.41
2	G05	p3.III.1 3/4	7.80651	136,096.78	75,196.41	133,729.30
2	G06	p3.III.1 3/4	7.80651	61,237.96	54,639.63	97,171.12
2	G07	p3.III.1 5/6	7.80651	128,134.12	66,127.94	117,601.94
2	G08	p3.III.1 5/6	7.80651	121,054.96	65,890.90	117,180.38
2	G09	p3.III.1 5/6	7.80651	115,446.34	73,105.32	130,010.49
2	G10	p3.III.1 5/6	7.80651	138,497.59	66,377.85	118,046.37
2	G11	p3.III.1 5/6	7.80651	120,657.42	44,072.25	78,378.08
2	G12	p3.III.1 5/6	7.80651	119,464.86	77,962.46	138,648.43
2	H01	Background	7.80651	0	0	0
2	H02	Background	7.80651	0	0	0
2	H03	Background	7.80651	0	0	0
2	H04	Background	7.80651	0	0	0
2	H05	Background	7.80651	0	0	0
2	H06	Background	7.80651	0	0	0
2	H07	Background	7.80651	0	0	0
2	H08	Background	7.80651	0	0	0
2	H09	Background	7.80651	0	0	0
2	H10	Background	7.80651	0	0	0
2	H11	Background	7.80651	0	0	0
2	H12	Background	7.80651	0	0	0
3	A01	Background	14.30809	0	0	0
3	A02	Background	14.30809	0	0	0
3	A03	Background	14.30809	0	0	0
3	A04	Background	14.30809	0	0	0
3	A05	Background	14.30809	0	0	0
3	A06	Background	14.30809	0	0	0
3	A07	Background	14.30809	0	0	0
3	A08	Background	14.30809	0	0	0
3	A09	Background	14.30809	0	0	0
3	A10	Background	14.30809	0	0	0
3	A11	Background	14.30809	0	0	0
3	A12	Background	14.30809	0	0	0
3	B01	c1 3/4	14.30809	116,471.34	87,124.95	154,943.01
3	B02	c1 3/4	14.30809	129,328.67	102,418.19	182,140.51
3	B03	c1 3/4	14.30809	131,925.23	96,593.99	171,782.76
3	B04	c1 3/4	14.30809	75,419.46	87,339.57	155,324.69
3	B05	c1 3/4	14.30809	119,861.33	104,361.75	185,596.93
3	B06	c1 3/4	14.30809	55,643.89	79,376.30	141,162.82
3	B07	c1 5/6	14.30809	89,438.87	66,402.07	118,089.43
3	B08	c1 5/6	14.30809	121,714.91	87,656.29	155,887.94
3	B09	c1 5/6	14.30809	113,560.65	82,954.20	147,525.74
3	B10	c1 5/6	14.30809	42,072.83	66,680.51	118,584.62
3	B11	c1 5/6	14.30809	109,411.44	81,703.66	145,301.78
3	B12	c1 5/6	14.30809	110,451.24	66,188.63	117,709.87
3	C01	c3 3/4	14.30809	144,817.40	85,271.24	151,646.37
3	C02	c3 3/4	14.30809	68,864.34	138,568.03	246,429.39
3	C03	c3 3/4	14.30809	96,802.55	73,350.07	130,445.76
3	C04	c3 3/4	14.30809	160,744.13	123,134.18	218,981.82
3	C05	c3 3/4	14.30809	152,022.98	135,624.37	241,194.39
3	C06	c3 3/4	14.30809	160,792.13	122,380.21	217,640.96
3	C07	c3 5/6	14.30809	158,697.40	123,950.54	220,433.63
3	C08	c3 5/6	14.30809	81,667.49	103,131.14	183,408.41
3	C09	c3 5/6	14.30809	137,470.42	101,495.66	180,499.89
3	C10	c3 5/6	14.30809	138,958.15	93,774.51	166,768.59
3	C11	c3 5/6	14.30809	139,560.28	88,975.36	158,233.78
3	C12	c3 5/6	14.30809	103,118.64	81,735.65	145,358.69
3	D01	c2 3/4	14.30809	157,059.61	85,741.89	152,483.38
3	D02	c2 3/4	14.30809	89,806.85	76,878.95	136,721.52
3	D03	c2 3/4	14.30809	185,639.56	110,894.36	197,214.53
3	D04	c2 3/4	14.30809	170,465.19	93,792.06	166,799.79
3	D05	c2 3/4	14.30809	170,896.99	91,386.31	162,521.40
3	D06	c2 3/4	14.30809	90,077.01	82,326.92	146,410.19
3	D07	c2 5/6	14.30809	164,631.24	91,511.44	162,743.94
3	D08	c2 5/6	14.30809	195,148.22	92,287.92	164,124.84
3	D09	c2 5/6	14.30809	50,461.59	63,655.71	113,205.31
3	D10	c2 5/6	14.30809	164,082.86	80,969.01	143,995.30
3	D11	c2 5/6	14.30809	148,197.51	65,470.90	116,433.46
3	D12	c2 5/6	14.30809	114,919.85	61,543.70	109,449.32
3	E01	p3.I.2 3/4	14.30809	142,322.67	126,494.33	224,957.51
3	E02	p3.I.2 3/4	14.30809	186,806.67	139,687.21	248,419.74
3	E03	p3.I.2 3/4	14.30809	184,457.98	140,915.53	250,604.19
3	E04	p3.I.2 3/4	14.30809	170,395.53	124,402.77	221,237.88
3	E05	p3.I.2 3/4	14.30809	161,011.65	128,704.08	228,887.33
3	E06	p3.I.2 3/4	14.30809	167,222.15	109,257.21	194,303.03
3	E07	p3.I.2 5/6	14.30809	131,534.05	101,503.67	180,514.12
3	E08	p3.I.2 5/6	14.30809	157,337.99	112,787.80	200,581.82
3	E09	p3.I.2 5/6	14.30809	121,245.38	91,311.90	162,389.08
3	E10	p3.I.2 5/6	14.30809	147,893.86	112,249.17	199,623.92
3	E11	p3.I.2 5/6	14.30809	137,719.53	115,713.04	205,784.07
3	E12	p3.I.2 5/6	14.30809	111,161.81	133,433.31	237,297.79
3	F01	p3.II.2 3/4	14.30809	154,853.42	92,994.83	165,382.01
3	F02	p3.II.2 3/4	14.30809	168,349.26	80,449.79	143,071.91
3	F03	p3.II.2 3/4	14.30809	166,496.55	93,978.67	167,131.67
3	F04	p3.II.2 3/4	14.30809	148,603.53	83,256.71	148,063.73
3	F05	p3.II.2 3/4	14.30809	144,673.53	71,547.62	127,240.29
3	F06	p3.II.2 3/4	14.30809	155,729.40	72,683.35	129,260.07
3	F07	p3.II.2 5/6	14.30809	156,892.98	81,462.68	144,873.22
3	F08	p3.II.2 5/6	14.30809	163,784.50	83,677.60	148,812.25
3	F09	p3.II.2 5/6	14.30809	173,608.93	81,402.29	144,765.83
3	F10	p3.II.2 5/6	14.30809	147,115.71	40,437.06	71,913.27
3	F11	p3.II.2 5/6	14.30809	163,423.04	43,484.88	77,333.51
3	F12	p3.II.2 5/6	14.30809	137,351.25	55,213.76	98,192.16
3	G01	p3.III.1 3/4	14.30809	119,488.03	82,982.13	147,575.42
3	G02	p3.III.1 3/4	14.30809	134,500.66	80,490.01	143,143.43
3	G03	p3.III.1 3/4	14.30809	141,510.68	67,300.74	119,687.64
3	G04	p3.III.1 3/4	14.30809	137,163.92	83,311.21	148,160.65
3	G05	p3.III.1 3/4	14.30809	136,443.52	75,080.96	133,523.98
3	G06	p3.III.1 3/4	14.30809	61,471.24	53,539.21	95,214.13
3	G07	p3.III.1 5/6	14.30809	127,435.84	64,567.39	114,826.64
3	G08	p3.III.1 5/6	14.30809	121,353.77	62,971.56	111,988.62
3	G09	p3.III.1 5/6	14.30809	115,545.40	70,333.84	125,081.70
3	G10	p3.III.1 5/6	14.30809	138,157.19	66,214.56	117,755.97
3	G11	p3.III.1 5/6	14.30809	120,562.26	42,278.10	75,187.37
3	G12	p3.III.1 5/6	14.30809	118,130.31	76,857.91	136,684.11
3	H01	Background	14.30809	0	0	0
3	H02	Background	14.30809	0	0	0
3	H03	Background	14.30809	0	0	0
3	H04	Background	14.30809	0	0	0
3	H05	Background	14.30809	0	0	0
3	H06	Background	14.30809	0	0	0
3	H07	Background	14.30809	0	0	0
3	H08	Background	14.30809	0	0	0
3	H09	Background	14.30809	0	0	0
3	H10	Background	14.30809	0	0	0
3	H11	Background	14.30809	0	0	0
3	H12	Background	14.30809	0	0	0
4	A01	Background	20.7899	0	0	0
4	A02	Background	20.7899	0	0	0
4	A03	Background	20.7899	0	0	0
4	A04	Background	20.7899	0	0	0
4	A05	Background	20.7899	0	0	0
4	A06	Background	20.7899	0	0	0
4	A07	Background	20.7899	0	0	0
4	A08	Background	20.7899	0	0	0
4	A09	Background	20.7899	0	0	0
4	A10	Background	20.7899	0	0	0
4	A11	Background	20.7899	0	0	0
4	A12	Background	20.7899	0	0	0
4	B01	c1 3/4	20.7899	118,042.66	85,112.66	151,364.36
4	B02	c1 3/4	20.7899	127,903.53	105,661.63	187,908.65
4	B03	c1 3/4	20.7899	131,896.31	93,151.41	165,660.46
4	B04	c1 3/4	20.7899	77,179.34	86,126.42	153,167.23
4	B05	c1 3/4	20.7899	119,729.17	100,959.20	179,545.84
4	B06	c1 3/4	20.7899	52,738.18	77,419.68	137,683.16
4	B07	c1 5/6	20.7899	88,852.81	64,266.98	114,292.39
4	B08	c1 5/6	20.7899	121,153.77	85,297.91	151,693.80
4	B09	c1 5/6	20.7899	114,840.67	81,311.40	144,604.19
4	B10	c1 5/6	20.7899	41,915.96	65,224.92	115,995.99
4	B11	c1 5/6	20.7899	109,009.63	80,396.35	142,976.86
4	B12	c1 5/6	20.7899	110,664.56	67,067.44	119,272.73
4	C01	c3 3/4	20.7899	143,795.65	86,004.18	152,949.83
4	C02	c3 3/4	20.7899	62,447.86	128,039.58	227,705.59
4	C03	c3 3/4	20.7899	95,700.21	67,825.90	120,621.57
4	C04	c3 3/4	20.7899	158,755.11	115,885.90	206,091.49
4	C05	c3 3/4	20.7899	151,957.81	131,586.28	234,013.05
4	C06	c3 3/4	20.7899	160,146.70	117,111.35	208,270.83
4	C07	c3 5/6	20.7899	158,159.12	118,434.17	210,623.34
4	C08	c3 5/6	20.7899	81,758.48	94,464.31	167,995.33
4	C09	c3 5/6	20.7899	137,484.21	98,069.49	174,406.77
4	C10	c3 5/6	20.7899	141,762.36	87,642.33	155,863.12
4	C11	c3 5/6	20.7899	136,221.46	85,962.69	152,876.04
4	C12	c3 5/6	20.7899	102,409.81	79,498.70	141,380.49
4	D01	c2 3/4	20.7899	156,039.11	83,118.95	147,818.75
4	D02	c2 3/4	20.7899	88,398.39	75,720.39	134,661.14
4	D03	c2 3/4	20.7899	186,086.36	106,551.23	189,490.71
4	D04	c2 3/4	20.7899	169,719.18	92,896.47	165,207.09
4	D05	c2 3/4	20.7899	170,685.21	93,944.60	167,071.07
4	D06	c2 3/4	20.7899	89,701.95	80,699.58	143,516.14
4	D07	c2 5/6	20.7899	165,822.44	89,211.41	158,653.57
4	D08	c2 5/6	20.7899	191,998.30	94,077.89	167,308.12
4	D09	c2 5/6	20.7899	49,728.86	63,491.97	112,914.12
4	D10	c2 5/6	20.7899	164,399.22	80,035.65	142,335.40
4	D11	c2 5/6	20.7899	144,339.30	63,951.43	113,731.22
4	D12	c2 5/6	20.7899	114,032.69	59,523.45	105,856.51
4	E01	p3.I.2 3/4	20.7899	136,678.94	124,083.47	220,670.05
4	E02	p3.I.2 3/4	20.7899	181,431.35	133,338.54	237,129.25
4	E03	p3.I.2 3/4	20.7899	187,189.85	136,469.54	242,697.43
4	E04	p3.I.2 3/4	20.7899	168,747.25	120,974.29	215,140.68
4	E05	p3.I.2 3/4	20.7899	163,442.38	124,418.40	221,265.68
4	E06	p3.I.2 3/4	20.7899	166,483.28	104,361.52	185,596.52
4	E07	p3.I.2 5/6	20.7899	131,595.32	100,317.05	178,403.85
4	E08	p3.I.2 5/6	20.7899	155,865.44	108,146.99	192,328.60
4	E09	p3.I.2 5/6	20.7899	124,598.50	93,142.41	165,644.45
4	E10	p3.I.2 5/6	20.7899	152,235.09	108,118.54	192,278.02
4	E11	p3.I.2 5/6	20.7899	136,300.15	111,384.34	198,085.91
4	E12	p3.I.2 5/6	20.7899	114,551.11	129,917.61	231,045.47
4	F01	p3.II.2 3/4	20.7899	155,852.31	91,355.39	162,466.43
4	F02	p3.II.2 3/4	20.7899	166,311.44	75,303.24	133,919.28
4	F03	p3.II.2 3/4	20.7899	164,431.18	87,992.96	156,486.67
4	F04	p3.II.2 3/4	20.7899	148,431.74	81,218.06	144,438.19
4	F05	p3.II.2 3/4	20.7899	146,420.72	68,337.89	121,532.11
4	F06	p3.II.2 3/4	20.7899	154,875.62	73,406.94	130,546.90
4	F07	p3.II.2 5/6	20.7899	157,264.31	79,523.45	141,424.51
4	F08	p3.II.2 5/6	20.7899	163,234.12	78,640.90	139,854.97
4	F09	p3.II.2 5/6	20.7899	173,801.49	71,606.04	127,344.18
4	F10	p3.II.2 5/6	20.7899	149,201.39	43,721.93	77,755.08
4	F11	p3.II.2 5/6	20.7899	162,606.84	42,926.19	76,339.94
4	F12	p3.II.2 5/6	20.7899	138,703.44	53,834.28	95,738.88
4	G01	p3.III.1 3/4	20.7899	120,646.35	80,343.32	142,882.55
4	G02	p3.III.1 3/4	20.7899	135,961.62	77,862.20	138,470.14
4	G03	p3.III.1 3/4	20.7899	141,900.92	64,838.76	115,309.25
4	G04	p3.III.1 3/4	20.7899	136,215.68	82,446.88	146,623.53
4	G05	p3.III.1 3/4	20.7899	136,902.05	74,194.97	131,948.34
4	G06	p3.III.1 3/4	20.7899	63,724.00	51,765.69	92,060.10
4	G07	p3.III.1 5/6	20.7899	127,385.95	62,659.35	111,433.38
4	G08	p3.III.1 5/6	20.7899	122,852.12	62,098.86	110,436.61
4	G09	p3.III.1 5/6	20.7899	116,577.99	65,608.01	116,677.29
4	G10	p3.III.1 5/6	20.7899	139,427.44	65,387.27	116,284.73
4	G11	p3.III.1 5/6	20.7899	120,124.44	41,197.13	73,264.98
4	G12	p3.III.1 5/6	20.7899	118,260.34	74,539.71	132,561.42
4	H01	Background	20.7899	0	0	0
4	H02	Background	20.7899	0	0	0
4	H03	Background	20.7899	0	0	0
4	H04	Background	20.7899	0	0	0
4	H05	Background	20.7899	0	0	0
4	H06	Background	20.7899	0	0	0
4	H07	Background	20.7899	0	0	0
4	H08	Background	20.7899	0	0	0
4	H09	Background	20.7899	0	0	0
4	H10	Background	20.7899	0	0	0
4	H11	Background	20.7899	0	0	0
4	H12	Background	20.7899	0	0	0
5	A01	Background	27.40249	0	0	0
5	A02	Background	27.40249	0	0	0
5	A03	Background	27.40249	0	0	0
5	A04	Background	27.40249	0	0	0
5	A05	Background	27.40249	0	0	0
5	A06	Background	27.40249	0	0	0
5	A07	Background	27.40249	0	0	0
5	A08	Background	27.40249	0	0	0
5	A09	Background	27.40249	0	0	0
5	A10	Background	27.40249	0	0	0
5	A11	Background	27.40249	0	0	0
5	A12	Background	27.40249	0	0	0
5	B01	c1 3/4	27.40249	79,005.45	102,597.68	182,459.72
5	B02	c1 3/4	27.40249	106,275.06	88,137.53	156,743.78
5	B03	c1 3/4	27.40249	89,763.46	106,034.81	188,572.30
5	B04	c1 3/4	27.40249	39,701.07	94,720.16	168,450.33
5	B05	c1 3/4	27.40249	82,042.14	107,073.87	190,420.18
5	B06	c1 3/4	27.40249	12,543.85	86,706.45	154,198.74
5	B07	c1 5/6	27.40249	59,313.08	64,047.91	113,902.81
5	B08	c1 5/6	27.40249	90,100.79	88,707.44	157,757.31
5	B09	c1 5/6	27.40249	80,113.14	88,843.28	157,998.89
5	B10	c1 5/6	27.40249	-675.74196	74,984.23	133,351.96
5	B11	c1 5/6	27.40249	99,558.57	83,948.48	149,293.98
5	B12	c1 5/6	27.40249	89,278.76	72,319.25	128,612.56
5	C01	c3 3/4	27.40249	83,359.84	101,838.95	181,110.39
5	C02	c3 3/4	27.40249	-20,372.28	135,195.21	240,431.17
5	C03	c3 3/4	27.40249	5,573.89	50,933.66	90,580.42
5	C04	c3 3/4	27.40249	77,646.59	120,827.96	214,880.44
5	C05	c3 3/4	27.40249	81,352.72	147,691.09	262,653.84
5	C06	c3 3/4	27.40249	88,882.89	117,034.58	208,134.30
5	C07	c3 5/6	27.40249	85,817.90	133,693.39	237,760.33
5	C08	c3 5/6	27.40249	7,647.79	110,156.78	195,902.81
5	C09	c3 5/6	27.40249	70,908.41	105,399.41	187,442.31
5	C10	c3 5/6	27.40249	78,980.63	101,565.91	180,624.82
5	C11	c3 5/6	27.40249	80,183.86	106,424.52	189,265.37
5	C12	c3 5/6	27.40249	58,123.90	96,524.67	171,659.48
5	D01	c2 3/4	27.40249	82,710.27	104,372.66	185,616.33
5	D02	c2 3/4	27.40249	-13,430.60	95,946.84	170,631.85
5	D03	c2 3/4	27.40249	76,167.26	126,371.91	224,739.81
5	D04	c2 3/4	27.40249	71,626.59	127,486.65	226,722.25
5	D05	c2 3/4	27.40249	76,614.62	135,671.45	241,278.11
5	D06	c2 3/4	27.40249	12,096.10	97,022.84	172,545.43
5	D07	c2 5/6	27.40249	86,870.94	102,747.84	182,726.76
5	D08	c2 5/6	27.40249	101,609.88	135,521.93	241,012.20
5	D09	c2 5/6	27.40249	-64,837.60	97,598.43	173,569.05
5	D10	c2 5/6	27.40249	70,136.83	118,975.25	211,585.59
5	D11	c2 5/6	27.40249	67,378.67	87,800.34	156,144.12
5	D12	c2 5/6	27.40249	57,084.06	77,061.67	137,046.48
5	E01	p3.I.2 3/4	27.40249	58,926.76	136,546.47	242,834.25
5	E02	p3.I.2 3/4	27.40249	164,273.18	119,044.08	211,708.00
5	E03	p3.I.2 3/4	27.40249	108,322.81	150,747.57	268,089.47
5	E04	p3.I.2 3/4	27.40249	92,294.28	132,933.39	236,408.74
5	E05	p3.I.2 3/4	27.40249	79,058.83	125,702.30	223,548.98
5	E06	p3.I.2 3/4	27.40249	120,166.02	107,324.96	190,866.71
5	E07	p3.I.2 5/6	27.40249	60,732.25	120,181.49	213,730.77
5	E08	p3.I.2 5/6	27.40249	93,984.32	121,368.04	215,840.92
5	E09	p3.I.2 5/6	27.40249	48,184.43	109,533.87	194,795.03
5	E10	p3.I.2 5/6	27.40249	90,495.66	131,409.61	233,698.85
5	E11	p3.I.2 5/6	27.40249	75,092.88	132,834.06	236,232.09
5	E12	p3.I.2 5/6	27.40249	48,072.54	146,854.01	261,165.16
5	F01	p3.II.2 3/4	27.40249	93,681.20	101,913.63	181,243.20
5	F02	p3.II.2 3/4	27.40249	133,847.41	62,431.59	111,028.34
5	F03	p3.II.2 3/4	27.40249	84,056.59	111,308.75	197,951.47
5	F04	p3.II.2 3/4	27.40249	80,020.35	93,952.96	167,085.95
5	F05	p3.II.2 3/4	27.40249	72,797.77	99,339.19	176,664.81
5	F06	p3.II.2 3/4	27.40249	117,432.80	85,671.07	152,357.43
5	F07	p3.II.2 5/6	27.40249	84,057.94	108,238.27	192,490.93
5	F08	p3.II.2 5/6	27.40249	79,898.88	97,484.33	173,366.14
5	F09	p3.II.2 5/6	27.40249	81,999.70	100,600.47	178,907.88
5	F10	p3.II.2 5/6	27.40249	95,800.67	50,180.73	89,241.40
5	F11	p3.II.2 5/6	27.40249	80,260.98	71,241.23	126,695.41
5	F12	p3.II.2 5/6	27.40249	74,018.55	70,984.77	126,239.32
5	G01	p3.III.1 3/4	27.40249	101,258.29	85,425.35	151,920.43
5	G02	p3.III.1 3/4	27.40249	120,936.36	81,660.40	145,224.86
5	G03	p3.III.1 3/4	27.40249	73,141.97	90,412.26	160,789.16
5	G04	p3.III.1 3/4	27.40249	96,755.12	100,522.41	178,769.05
5	G05	p3.III.1 3/4	27.40249	75,564.28	96,781.66	172,116.50
5	G06	p3.III.1 3/4	27.40249	-18,397.31	73,879.94	131,388.09
5	G07	p3.III.1 5/6	27.40249	70,642.10	77,803.06	138,364.95
5	G08	p3.III.1 5/6	27.40249	56,040.15	87,212.04	155,097.90
5	G09	p3.III.1 5/6	27.40249	48,584.75	97,578.81	173,534.16
5	G10	p3.III.1 5/6	27.40249	89,746.28	85,455.30	151,973.71
5	G11	p3.III.1 5/6	27.40249	55,582.62	69,465.11	123,536.75
5	G12	p3.III.1 5/6	27.40249	54,535.05	101,548.38	180,593.63
5	H01	Background	27.40249	0	0	0
5	H02	Background	27.40249	0	0	0
5	H03	Background	27.40249	0	0	0
5	H04	Background	27.40249	0	0	0
5	H05	Background	27.40249	0	0	0
5	H06	Background	27.40249	0	0	0
5	H07	Background	27.40249	0	0	0
5	H08	Background	27.40249	0	0	0
5	H09	Background	27.40249	0	0	0
5	H10	Background	27.40249	0	0	0
5	H11	Background	27.40249	0	0	0
5	H12	Background	27.40249	0	0	0
6	A01	Background	33.8856	0	0	0
6	A02	Background	33.8856	0	0	0
6	A03	Background	33.8856	0	0	0
6	A04	Background	33.8856	0	0	0
6	A05	Background	33.8856	0	0	0
6	A06	Background	33.8856	0	0	0
6	A07	Background	33.8856	0	0	0
6	A08	Background	33.8856	0	0	0
6	A09	Background	33.8856	0	0	0
6	A10	Background	33.8856	0	0	0
6	A11	Background	33.8856	0	0	0
6	A12	Background	33.8856	0	0	0
6	B01	c1 3/4	33.8856	59,951.11	122,521.47	217,892.19
6	B02	c1 3/4	33.8856	73,639.78	116,489.03	207,164.09
6	B03	c1 3/4	33.8856	70,737.79	125,114.25	222,503.19
6	B04	c1 3/4	33.8856	3,646.23	115,327.25	205,097.99
6	B05	c1 3/4	33.8856	61,124.97	129,589.05	230,461.16
6	B06	c1 3/4	33.8856	-14,932.17	106,440.81	189,294.33
6	B07	c1 5/6	33.8856	25,055.79	85,486.02	152,028.34
6	B08	c1 5/6	33.8856	66,175.99	113,626.11	202,072.68
6	B09	c1 5/6	33.8856	57,696.96	111,989.10	199,161.42
6	B10	c1 5/6	33.8856	-22,227.91	92,727.85	164,907.21
6	B11	c1 5/6	33.8856	69,689.51	103,340.95	183,781.54
6	B12	c1 5/6	33.8856	59,766.30	92,414.40	164,349.78
6	C01	c3 3/4	33.8856	83,577.93	113,841.74	202,456.15
6	C02	c3 3/4	33.8856	-28,849.23	151,599.07	269,603.79
6	C03	c3 3/4	33.8856	156.0691	78,063.64	138,828.37
6	C04	c3 3/4	33.8856	73,357.33	141,143.56	251,009.70
6	C05	c3 3/4	33.8856	78,629.31	158,040.99	281,060.09
6	C06	c3 3/4	33.8856	84,485.81	126,638.10	225,213.19
6	C07	c3 5/6	33.8856	75,568.29	145,448.00	258,664.73
6	C08	c3 5/6	33.8856	-5,709.28	120,909.52	215,025.48
6	C09	c3 5/6	33.8856	69,092.34	116,431.74	207,062.20
6	C10	c3 5/6	33.8856	67,048.03	118,039.46	209,921.37
6	C11	c3 5/6	33.8856	72,343.85	115,853.32	206,033.55
6	C12	c3 5/6	33.8856	54,735.18	99,249.68	176,505.63
6	D01	c2 3/4	33.8856	76,519.24	112,458.30	199,995.84
6	D02	c2 3/4	33.8856	-39,444.07	105,304.93	187,274.29
6	D03	c2 3/4	33.8856	69,403.63	127,397.28	226,563.33
6	D04	c2 3/4	33.8856	67,127.96	133,301.18	237,062.83
6	D05	c2 3/4	33.8856	65,670.98	139,755.46	248,541.11
6	D06	c2 3/4	33.8856	-37,701.90	114,596.56	203,798.52
6	D07	c2 5/6	33.8856	55,971.77	122,515.59	217,881.72
6	D08	c2 5/6	33.8856	93,477.04	132,966.53	236,467.67
6	D09	c2 5/6	33.8856	-71,270.86	98,380.57	174,960.01
6	D10	c2 5/6	33.8856	63,475.28	126,544.02	225,045.89
6	D11	c2 5/6	33.8856	58,870.32	95,336.92	169,547.19
6	D12	c2 5/6	33.8856	51,956.70	84,157.77	149,666.17
6	E01	p3.I.2 3/4	33.8856	39,661.66	158,678.00	282,192.96
6	E02	p3.I.2 3/4	33.8856	102,226.27	151,372.33	269,200.55
6	E03	p3.I.2 3/4	33.8856	98,919.85	166,769.33	296,582.57
6	E04	p3.I.2 3/4	33.8856	87,131.97	152,515.83	271,234.15
6	E05	p3.I.2 3/4	33.8856	74,235.07	150,790.32	268,165.51
6	E06	p3.I.2 3/4	33.8856	88,381.58	132,718.52	236,026.62
6	E07	p3.I.2 5/6	33.8856	52,290.32	124,754.14	221,862.76
6	E08	p3.I.2 5/6	33.8856	74,796.48	132,387.58	235,438.06
6	E09	p3.I.2 5/6	33.8856	43,604.26	116,653.21	207,456.06
6	E10	p3.I.2 5/6	33.8856	82,599.78	141,426.67	251,513.20
6	E11	p3.I.2 5/6	33.8856	66,212.03	138,572.90	246,438.05
6	E12	p3.I.2 5/6	33.8856	60,177.33	157,189.37	279,545.57
6	F01	p3.II.2 3/4	33.8856	62,460.51	123,102.46	218,925.42
6	F02	p3.II.2 3/4	33.8856	84,258.49	93,303.87	165,931.60
6	F03	p3.II.2 3/4	33.8856	70,176.27	126,651.55	225,237.12
6	F04	p3.II.2 3/4	33.8856	54,899.74	122,935.16	218,627.90
6	F05	p3.II.2 3/4	33.8856	63,771.25	106,519.76	189,434.74
6	F06	p3.II.2 3/4	33.8856	77,586.11	109,883.18	195,416.24
6	F07	p3.II.2 5/6	33.8856	70,658.10	119,671.80	212,824.33
6	F08	p3.II.2 5/6	33.8856	72,463.76	117,746.82	209,400.95
6	F09	p3.II.2 5/6	33.8856	78,696.60	111,825.75	198,870.92
6	F10	p3.II.2 5/6	33.8856	60,868.54	85,953.96	152,860.53
6	F11	p3.II.2 5/6	33.8856	71,449.50	92,987.95	165,369.76
6	F12	p3.II.2 5/6	33.8856	58,899.15	85,483.42	152,023.72
6	G01	p3.III.1 3/4	33.8856	57,030.71	106,326.57	189,091.17
6	G02	p3.III.1 3/4	33.8856	71,046.08	108,251.43	192,514.34
6	G03	p3.III.1 3/4	33.8856	57,541.36	103,126.94	183,400.95
6	G04	p3.III.1 3/4	33.8856	55,380.17	123,874.65	220,298.68
6	G05	p3.III.1 3/4	33.8856	54,731.59	119,129.44	211,859.80
6	G06	p3.III.1 3/4	33.8856	-33,554.30	86,597.46	154,004.92
6	G07	p3.III.1 5/6	33.8856	49,169.44	102,059.78	181,503.11
6	G08	p3.III.1 5/6	33.8856	47,387.68	99,851.49	177,575.89
6	G09	p3.III.1 5/6	33.8856	44,733.30	103,122.87	183,393.70
6	G10	p3.III.1 5/6	33.8856	64,451.59	104,053.79	185,049.26
6	G11	p3.III.1 5/6	33.8856	47,257.68	75,815.67	134,830.58
6	G12	p3.III.1 5/6	33.8856	46,881.33	104,807.03	186,388.82
6	H01	Background	33.8856	0	0	0
6	H02	Background	33.8856	0	0	0
6	H03	Background	33.8856	0	0	0
6	H04	Background	33.8856	0	0	0
6	H05	Background	33.8856	0	0	0
6	H06	Background	33.8856	0	0	0
6	H07	Background	33.8856	0	0	0
6	H08	Background	33.8856	0	0	0
6	H09	Background	33.8856	0	0	0
6	H10	Background	33.8856	0	0	0
6	H11	Background	33.8856	0	0	0
6	H12	Background	33.8856	0	0	0
7	A01	Background	40.38301	0	0	0
7	A02	Background	40.38301	0	0	0
7	A03	Background	40.38301	0	0	0
7	A04	Background	40.38301	0	0	0
7	A05	Background	40.38301	0	0	0
7	A06	Background	40.38301	0	0	0
7	A07	Background	40.38301	0	0	0
7	A08	Background	40.38301	0	0	0
7	A09	Background	40.38301	0	0	0
7	A10	Background	40.38301	0	0	0
7	A11	Background	40.38301	0	0	0
7	A12	Background	40.38301	0	0	0
7	B01	c1 3/4	40.38301	57,230.93	123,518.41	219,665.13
7	B02	c1 3/4	40.38301	66,441.75	117,238.77	208,497.44
7	B03	c1 3/4	40.38301	66,801.00	130,252.65	231,641.32
7	B04	c1 3/4	40.38301	-963.17618	117,370.39	208,731.51
7	B05	c1 3/4	40.38301	56,244.97	132,612.45	235,837.98
7	B06	c1 3/4	40.38301	-20,183.80	109,821.28	195,306.16
7	B07	c1 5/6	40.38301	20,629.32	90,097.94	160,230.18
7	B08	c1 5/6	40.38301	60,924.53	118,219.69	210,241.90
7	B09	c1 5/6	40.38301	51,749.44	115,993.79	206,283.36
7	B10	c1 5/6	40.38301	-24,797.91	94,517.60	168,090.10
7	B11	c1 5/6	40.38301	57,573.06	111,013.75	197,426.85
7	B12	c1 5/6	40.38301	55,263.26	100,659.42	179,012.71
7	C01	c3 3/4	40.38301	79,823.14	116,094.45	206,462.37
7	C02	c3 3/4	40.38301	-27,548.24	158,260.01	281,449.60
7	C03	c3 3/4	40.38301	-1,822.93	86,824.36	154,408.45
7	C04	c3 3/4	40.38301	71,454.14	151,817.95	269,993.04
7	C05	c3 3/4	40.38301	71,525.33	167,597.22	298,054.90
7	C06	c3 3/4	40.38301	83,164.59	131,610.25	234,055.66
7	C07	c3 5/6	40.38301	70,296.95	152,077.55	270,454.71
7	C08	c3 5/6	40.38301	-9,740.22	127,714.18	227,126.89
7	C09	c3 5/6	40.38301	60,569.33	124,538.12	221,478.60
7	C10	c3 5/6	40.38301	66,811.74	121,625.60	216,298.97
7	C11	c3 5/6	40.38301	69,248.74	120,602.97	214,480.31
7	C12	c3 5/6	40.38301	47,869.81	98,816.85	175,735.89
7	D01	c2 3/4	40.38301	75,220.72	120,047.72	213,492.86
7	D02	c2 3/4	40.38301	-40,846.34	110,408.99	196,351.35
7	D03	c2 3/4	40.38301	69,048.01	134,570.79	239,320.70
7	D04	c2 3/4	40.38301	66,049.54	138,879.08	246,982.55
7	D05	c2 3/4	40.38301	64,559.77	143,027.62	254,360.32
7	D06	c2 3/4	40.38301	-38,349.96	118,789.26	211,254.82
7	D07	c2 5/6	40.38301	54,174.77	128,105.99	227,823.69
7	D08	c2 5/6	40.38301	92,209.23	137,463.61	244,465.29
7	D09	c2 5/6	40.38301	-76,457.84	100,080.65	177,983.43
7	D10	c2 5/6	40.38301	62,574.27	128,160.51	227,920.64
7	D11	c2 5/6	40.38301	57,476.99	99,011.40	176,081.88
7	D12	c2 5/6	40.38301	48,825.42	86,788.57	154,344.79
7	E01	p3.I.2 3/4	40.38301	39,503.14	160,034.05	284,604.56
7	E02	p3.I.2 3/4	40.38301	91,331.54	163,184.41	290,207.15
7	E03	p3.I.2 3/4	40.38301	97,626.06	176,307.70	313,545.62
7	E04	p3.I.2 3/4	40.38301	83,552.69	160,649.74	285,699.50
7	E05	p3.I.2 3/4	40.38301	75,024.85	160,897.55	286,140.20
7	E06	p3.I.2 3/4	40.38301	84,242.17	141,918.76	252,388.32
7	E07	p3.I.2 5/6	40.38301	49,171.40	132,558.96	235,742.85
7	E08	p3.I.2 5/6	40.38301	71,189.21	143,200.81	254,668.33
7	E09	p3.I.2 5/6	40.38301	36,115.54	117,331.88	208,663.01
7	E10	p3.I.2 5/6	40.38301	77,963.08	145,875.12	259,424.31
7	E11	p3.I.2 5/6	40.38301	62,505.03	144,879.03	257,652.86
7	E12	p3.I.2 5/6	40.38301	52,643.03	159,768.90	284,133.01
7	F01	p3.II.2 3/4	40.38301	61,043.63	125,304.35	222,841.26
7	F02	p3.II.2 3/4	40.38301	75,852.13	98,321.02	174,854.11
7	F03	p3.II.2 3/4	40.38301	69,939.67	128,082.60	227,782.10
7	F04	p3.II.2 3/4	40.38301	51,664.31	126,420.33	224,825.92
7	F05	p3.II.2 3/4	40.38301	62,902.26	106,992.74	190,275.89
7	F06	p3.II.2 3/4	40.38301	70,025.00	115,521.18	205,442.87
7	F07	p3.II.2 5/6	40.38301	71,643.97	121,690.16	216,413.78
7	F08	p3.II.2 5/6	40.38301	71,061.89	122,171.31	217,269.45
7	F09	p3.II.2 5/6	40.38301	72,917.16	115,502.56	205,409.75
7	F10	p3.II.2 5/6	40.38301	60,099.65	89,232.38	158,690.87
7	F11	p3.II.2 5/6	40.38301	68,032.85	91,078.03	161,973.17
7	F12	p3.II.2 5/6	40.38301	52,579.04	84,870.66	150,933.98
7	G01	p3.III.1 3/4	40.38301	47,056.75	110,570.08	196,637.84
7	G02	p3.III.1 3/4	40.38301	57,456.34	113,079.00	201,099.70
7	G03	p3.III.1 3/4	40.38301	55,511.64	101,627.60	180,734.52
7	G04	p3.III.1 3/4	40.38301	52,923.11	125,386.25	222,986.91
7	G05	p3.III.1 3/4	40.38301	52,055.27	116,870.92	207,843.24
7	G06	p3.III.1 3/4	40.38301	-33,045.95	85,768.68	152,531.02
7	G07	p3.III.1 5/6	40.38301	47,522.45	99,566.64	177,069.30
7	G08	p3.III.1 5/6	40.38301	46,112.25	98,720.71	175,564.92
7	G09	p3.III.1 5/6	40.38301	42,487.17	101,210.42	179,992.62
7	G10	p3.III.1 5/6	40.38301	62,739.85	102,442.74	182,184.17
7	G11	p3.III.1 5/6	40.38301	44,864.84	72,310.53	128,597.04
7	G12	p3.III.1 5/6	40.38301	46,320.67	106,243.50	188,943.43
7	H01	Background	40.38301	0	0	0
7	H02	Background	40.38301	0	0	0
7	H03	Background	40.38301	0	0	0
7	H04	Background	40.38301	0	0	0
7	H05	Background	40.38301	0	0	0
7	H06	Background	40.38301	0	0	0
7	H07	Background	40.38301	0	0	0
7	H08	Background	40.38301	0	0	0
7	H09	Background	40.38301	0	0	0
7	H10	Background	40.38301	0	0	0
7	H11	Background	40.38301	0	0	0
7	H12	Background	40.38301	0	0	0
8	A01	Background	47.00808	0	0	0
8	A02	Background	47.00808	0	0	0
8	A03	Background	47.00808	0	0	0
8	A04	Background	47.00808	0	0	0
8	A05	Background	47.00808	0	0	0
8	A06	Background	47.00808	0	0	0
8	A07	Background	47.00808	0	0	0
8	A08	Background	47.00808	0	0	0
8	A09	Background	47.00808	0	0	0
8	A10	Background	47.00808	0	0	0
8	A11	Background	47.00808	0	0	0
8	A12	Background	47.00808	0	0	0
8	B01	c1 3/4	47.00808	191,703.37	126,283.04	224,581.76
8	B02	c1 3/4	47.00808	213,505.10	122,837.45	218,454.12
8	B03	c1 3/4	47.00808	210,374.23	140,744.95	250,300.82
8	B04	c1 3/4	47.00808	201,738.39	125,790.50	223,705.83
8	B05	c1 3/4	47.00808	210,374.34	136,373.08	242,525.89
8	B06	c1 3/4	47.00808	151,452.30	113,531.02	201,903.56
8	B07	c1 5/6	47.00808	221,450.25	99,323.36	176,636.66
8	B08	c1 5/6	47.00808	229,604.23	128,001.61	227,638.07
8	B09	c1 5/6	47.00808	243,782.75	125,573.79	223,320.44
8	B10	c1 5/6	47.00808	166,286.74	102,831.18	182,874.96
8	B11	c1 5/6	47.00808	205,586.49	133,874.96	238,083.23
8	B12	c1 5/6	47.00808	207,203.43	110,476.88	196,472.09
8	C01	c3 3/4	47.00808	142,265.79	93,566.84	166,399.26
8	C02	c3 3/4	47.00808	72,657.82	134,026.79	238,353.24
8	C03	c3 3/4	47.00808	137,395.68	43,913.68	78,096.09
8	C04	c3 3/4	47.00808	184,006.40	114,973.23	204,468.39
8	C05	c3 3/4	47.00808	156,692.05	137,865.40	245,179.82
8	C06	c3 3/4	47.00808	173,797.16	104,845.79	186,457.76
8	C07	c3 5/6	47.00808	197,761.00	121,145.96	215,445.97
8	C08	c3 5/6	47.00808	115,075.19	104,848.29	186,462.20
8	C09	c3 5/6	47.00808	173,540.23	106,815.37	189,960.46
8	C10	c3 5/6	47.00808	199,427.21	103,190.71	183,514.36
8	C11	c3 5/6	47.00808	164,528.38	93,870.25	166,938.86
8	C12	c3 5/6	47.00808	139,380.88	83,139.63	147,855.51
8	D01	c2 3/4	47.00808	172,215.70	129,261.96	229,879.46
8	D02	c2 3/4	47.00808	94,645.26	116,940.57	207,967.11
8	D03	c2 3/4	47.00808	203,084.93	135,171.38	240,388.78
8	D04	c2 3/4	47.00808	216,696.00	139,375.60	247,865.57
8	D05	c2 3/4	47.00808	192,843.44	146,129.41	259,876.54
8	D06	c2 3/4	47.00808	133,169.68	121,445.93	215,979.43
8	D07	c2 5/6	47.00808	249,579.62	129,694.33	230,648.40
8	D08	c2 5/6	47.00808	259,731.88	153,848.08	273,603.43
8	D09	c2 5/6	47.00808	126,693.80	117,889.71	209,655.06
8	D10	c2 5/6	47.00808	249,669.67	133,761.12	237,880.78
8	D11	c2 5/6	47.00808	206,448.84	95,100.08	169,125.98
8	D12	c2 5/6	47.00808	159,558.47	95,400.99	169,661.13
8	E01	p3.I.2 3/4	47.00808	142,732.22	145,556.87	258,858.34
8	E02	p3.I.2 3/4	47.00808	193,494.82	136,033.80	241,922.51
8	E03	p3.I.2 3/4	47.00808	200,043.59	155,373.78	276,316.74
8	E04	p3.I.2 3/4	47.00808	179,291.66	124,622.97	221,629.48
8	E05	p3.I.2 3/4	47.00808	159,606.04	132,025.62	234,794.37
8	E06	p3.I.2 3/4	47.00808	171,843.69	118,593.21	210,906.16
8	E07	p3.I.2 5/6	47.00808	168,643.05	125,861.98	223,832.94
8	E08	p3.I.2 5/6	47.00808	192,053.32	128,387.16	228,323.73
8	E09	p3.I.2 5/6	47.00808	159,524.70	109,028.00	193,895.39
8	E10	p3.I.2 5/6	47.00808	220,636.56	134,695.57	239,542.60
8	E11	p3.I.2 5/6	47.00808	173,859.64	129,515.61	230,330.55
8	E12	p3.I.2 5/6	47.00808	169,058.39	142,668.96	253,722.48
8	F01	p3.II.2 3/4	47.00808	133,829.23	121,534.55	216,137.04
8	F02	p3.II.2 3/4	47.00808	178,438.08	84,139.26	149,633.26
8	F03	p3.II.2 3/4	47.00808	156,134.70	111,473.77	198,244.95
8	F04	p3.II.2 3/4	47.00808	137,362.43	106,652.75	189,671.25
8	F05	p3.II.2 3/4	47.00808	194,783.16	96,481.73	171,583.10
8	F06	p3.II.2 3/4	47.00808	185,214.87	98,981.60	176,028.88
8	F07	p3.II.2 5/6	47.00808	181,549.79	109,959.23	195,551.49
8	F08	p3.II.2 5/6	47.00808	189,149.15	105,106.72	186,921.78
8	F09	p3.II.2 5/6	47.00808	221,873.94	97,669.12	173,694.76
8	F10	p3.II.2 5/6	47.00808	173,139.73	60,536.76	107,658.58
8	F11	p3.II.2 5/6	47.00808	218,804.03	75,131.52	133,613.89
8	F12	p3.II.2 5/6	47.00808	205,557.84	86,803.68	154,371.67
8	G01	p3.III.1 3/4	47.00808	151,367.59	106,835.64	189,996.51
8	G02	p3.III.1 3/4	47.00808	166,633.59	109,880.14	195,410.84
8	G03	p3.III.1 3/4	47.00808	187,638.25	91,154.84	162,109.77
8	G04	p3.III.1 3/4	47.00808	161,863.28	118,570.64	210,866.02
8	G05	p3.III.1 3/4	47.00808	148,379.98	103,819.08	184,631.85
8	G06	p3.III.1 3/4	47.00808	101,333.01	77,026.69	136,984.26
8	G07	p3.III.1 5/6	47.00808	214,689.82	88,234.19	156,915.69
8	G08	p3.III.1 5/6	47.00808	206,249.25	92,921.49	165,251.57
8	G09	p3.III.1 5/6	47.00808	206,278.33	98,641.04	175,423.22
8	G10	p3.III.1 5/6	47.00808	226,274.43	101,505.40	180,517.21
8	G11	p3.III.1 5/6	47.00808	196,914.56	68,753.98	122,272.09
8	G12	p3.III.1 5/6	47.00808	177,026.97	99,759.87	177,412.95
8	H01	Background	47.00808	0	0	0
8	H02	Background	47.00808	0	0	0
8	H03	Background	47.00808	0	0	0
8	H04	Background	47.00808	0	0	0
8	H05	Background	47.00808	0	0	0
8	H06	Background	47.00808	0	0	0
8	H07	Background	47.00808	0	0	0
8	H08	Background	47.00808	0	0	0
8	H09	Background	47.00808	0	0	0
8	H10	Background	47.00808	0	0	0
8	H11	Background	47.00808	0	0	0
8	H12	Background	47.00808	0	0	0
9	A01	Background	53.51901	0	0	0
9	A02	Background	53.51901	0	0	0
9	A03	Background	53.51901	0	0	0
9	A04	Background	53.51901	0	0	0
9	A05	Background	53.51901	0	0	0
9	A06	Background	53.51901	0	0	0
9	A07	Background	53.51901	0	0	0
9	A08	Background	53.51901	0	0	0
9	A09	Background	53.51901	0	0	0
9	A10	Background	53.51901	0	0	0
9	A11	Background	53.51901	0	0	0
9	A12	Background	53.51901	0	0	0
9	B01	c1 3/4	53.51901	213,678.28	136,755.41	243,205.83
9	B02	c1 3/4	53.51901	219,899.82	135,769.84	241,453.09
9	B03	c1 3/4	53.51901	222,257.82	147,057.98	261,527.92
9	B04	c1 3/4	53.51901	210,501.71	133,766.97	237,891.18
9	B05	c1 3/4	53.51901	226,104.85	147,992.08	263,189.12
9	B06	c1 3/4	53.51901	165,804.16	123,533.75	219,692.42
9	B07	c1 5/6	53.51901	211,053.76	116,238.57	206,718.68
9	B08	c1 5/6	53.51901	237,007.38	146,529.11	260,587.38
9	B09	c1 5/6	53.51901	232,798.69	143,573.95	255,331.91
9	B10	c1 5/6	53.51901	151,045.79	122,382.77	217,645.51
9	B11	c1 5/6	53.51901	197,955.82	147,156.49	261,703.11
9	B12	c1 5/6	53.51901	216,089.75	130,493.18	232,069.06
9	C01	c3 3/4	53.51901	158,927.55	113,791.84	202,367.40
9	C02	c3 3/4	53.51901	94,483.13	148,882.42	264,772.50
9	C03	c3 3/4	53.51901	161,684.15	85,081.38	151,308.73
9	C04	c3 3/4	53.51901	195,893.46	137,175.87	243,953.56
9	C05	c3 3/4	53.51901	181,098.71	152,834.41	271,800.72
9	C06	c3 3/4	53.51901	191,226.82	134,660.18	239,479.66
9	C07	c3 5/6	53.51901	226,763.66	147,711.84	262,690.73
9	C08	c3 5/6	53.51901	144,136.62	131,140.86	233,220.90
9	C09	c3 5/6	53.51901	191,983.84	133,497.91	237,412.67
9	C10	c3 5/6	53.51901	200,765.49	130,511.67	232,101.96
9	C11	c3 5/6	53.51901	181,170.17	122,175.77	217,277.39
9	C12	c3 5/6	53.51901	148,625.30	94,502.28	168,062.86
9	D01	c2 3/4	53.51901	189,633.68	134,770.74	239,676.29
9	D02	c2 3/4	53.51901	122,498.28	115,965.94	206,233.82
9	D03	c2 3/4	53.51901	214,617.91	141,791.66	252,162.30
9	D04	c2 3/4	53.51901	219,446.73	144,127.01	256,315.48
9	D05	c2 3/4	53.51901	205,404.56	146,610.02	260,731.25
9	D06	c2 3/4	53.51901	150,171.93	123,756.60	220,088.74
9	D07	c2 5/6	53.51901	263,026.26	142,679.62	253,741.44
9	D08	c2 5/6	53.51901	272,235.43	161,694.04	287,556.68
9	D09	c2 5/6	53.51901	140,463.68	119,206.06	211,996.05
9	D10	c2 5/6	53.51901	253,941.99	148,281.83	263,704.40
9	D11	c2 5/6	53.51901	219,255.33	116,877.80	207,855.48
9	D12	c2 5/6	53.51901	163,458.35	101,828.94	181,092.58
9	E01	p3.I.2 3/4	53.51901	163,894.87	158,072.97	281,116.97
9	E02	p3.I.2 3/4	53.51901	202,202.10	152,808.95	271,755.43
9	E03	p3.I.2 3/4	53.51901	204,938.33	159,423.97	283,519.58
9	E04	p3.I.2 3/4	53.51901	188,230.48	138,258.21	245,878.40
9	E05	p3.I.2 3/4	53.51901	178,579.97	141,380.89	251,431.77
9	E06	p3.I.2 3/4	53.51901	182,267.39	125,005.84	222,310.38
9	E07	p3.I.2 5/6	53.51901	196,364.63	125,180.93	222,621.76
9	E08	p3.I.2 5/6	53.51901	218,650.01	132,808.92	236,187.39
9	E09	p3.I.2 5/6	53.51901	179,160.48	121,267.76	215,662.58
9	E10	p3.I.2 5/6	53.51901	224,822.12	138,842.40	246,917.32
9	E11	p3.I.2 5/6	53.51901	192,435.84	135,220.54	240,476.21
9	E12	p3.I.2 5/6	53.51901	195,546.51	147,810.87	262,866.85
9	F01	p3.II.2 3/4	53.51901	149,581.05	132,729.25	236,045.70
9	F02	p3.II.2 3/4	53.51901	189,094.37	103,443.19	183,963.37
9	F03	p3.II.2 3/4	53.51901	174,134.85	120,641.34	214,548.56
9	F04	p3.II.2 3/4	53.51901	150,418.99	123,360.84	219,384.92
9	F05	p3.II.2 3/4	53.51901	206,232.17	100,529.59	178,781.81
9	F06	p3.II.2 3/4	53.51901	197,154.90	106,971.95	190,238.92
9	F07	p3.II.2 5/6	53.51901	200,206.99	115,944.59	206,195.86
9	F08	p3.II.2 5/6	53.51901	211,254.23	118,902.33	211,455.91
9	F09	p3.II.2 5/6	53.51901	239,593.89	113,739.69	202,274.67
9	F10	p3.II.2 5/6	53.51901	185,178.69	85,303.39	151,703.55
9	F11	p3.II.2 5/6	53.51901	227,940.86	96,317.34	171,290.76
9	F12	p3.II.2 5/6	53.51901	203,253.92	94,546.68	168,141.82
9	G01	p3.III.1 3/4	53.51901	158,318.14	109,765.66	195,207.24
9	G02	p3.III.1 3/4	53.51901	169,727.99	115,682.90	205,730.47
9	G03	p3.III.1 3/4	53.51901	190,751.89	103,533.47	184,123.93
9	G04	p3.III.1 3/4	53.51901	175,451.20	120,674.29	214,607.16
9	G05	p3.III.1 3/4	53.51901	162,550.44	114,163.43	203,028.24
9	G06	p3.III.1 3/4	53.51901	113,483.19	83,653.51	148,769.41
9	G07	p3.III.1 5/6	53.51901	221,909.26	103,233.08	183,589.70
9	G08	p3.III.1 5/6	53.51901	207,799.64	102,577.64	182,424.07
9	G09	p3.III.1 5/6	53.51901	201,296.62	108,231.96	192,479.72
9	G10	p3.III.1 5/6	53.51901	225,980.54	109,820.80	195,305.31
9	G11	p3.III.1 5/6	53.51901	191,821.01	80,889.12	143,853.22
9	G12	p3.III.1 5/6	53.51901	181,160.92	105,798.31	188,151.71
9	H01	Background	53.51901	0	0	0
9	H02	Background	53.51901	0	0	0
9	H03	Background	53.51901	0	0	0
9	H04	Background	53.51901	0	0	0
9	H05	Background	53.51901	0	0	0
9	H06	Background	53.51901	0	0	0
9	H07	Background	53.51901	0	0	0
9	H08	Background	53.51901	0	0	0
9	H09	Background	53.51901	0	0	0
9	H10	Background	53.51901	0	0	0
9	H11	Background	53.51901	0	0	0
9	H12	Background	53.51901	0	0	0
10	A01	Background	60.03021	0	0	0
10	A02	Background	60.03021	0	0	0
10	A03	Background	60.03021	0	0	0
10	A04	Background	60.03021	0	0	0
10	A05	Background	60.03021	0	0	0
10	A06	Background	60.03021	0	0	0
10	A07	Background	60.03021	0	0	0
10	A08	Background	60.03021	0	0	0
10	A09	Background	60.03021	0	0	0
10	A10	Background	60.03021	0	0	0
10	A11	Background	60.03021	0	0	0
10	A12	Background	60.03021	0	0	0
10	B01	c1 3/4	60.03021	228,867.88	143,880.44	255,876.97
10	B02	c1 3/4	60.03021	233,539.09	143,953.33	256,006.60
10	B03	c1 3/4	60.03021	235,982.69	153,126.92	272,320.91
10	B04	c1 3/4	60.03021	216,563.86	140,427.23	249,735.78
10	B05	c1 3/4	60.03021	238,259.18	154,727.36	275,167.14
10	B06	c1 3/4	60.03021	184,165.42	130,687.33	232,414.35
10	B07	c1 5/6	60.03021	196,311.59	122,421.19	217,713.85
10	B08	c1 5/6	60.03021	229,833.60	157,572.48	280,226.89
10	B09	c1 5/6	60.03021	217,052.27	151,368.06	269,192.96
10	B10	c1 5/6	60.03021	137,460.76	127,568.67	226,868.13
10	B11	c1 5/6	60.03021	185,662.36	152,254.09	270,768.67
10	B12	c1 5/6	60.03021	206,442.98	137,582.93	244,677.48
10	C01	c3 3/4	60.03021	165,961.57	124,302.23	221,059.09
10	C02	c3 3/4	60.03021	105,684.28	155,453.51	276,458.53
10	C03	c3 3/4	60.03021	173,542.28	97,479.87	173,358.19
10	C04	c3 3/4	60.03021	205,365.32	150,269.83	267,239.86
10	C05	c3 3/4	60.03021	198,531.12	162,628.00	289,217.63
10	C06	c3 3/4	60.03021	200,831.63	146,556.00	260,635.19
10	C07	c3 5/6	60.03021	237,562.38	161,563.49	287,324.51
10	C08	c3 5/6	60.03021	156,305.23	142,816.22	253,984.37
10	C09	c3 5/6	60.03021	199,037.28	145,131.24	258,101.40
10	C10	c3 5/6	60.03021	210,275.25	138,950.64	247,109.82
10	C11	c3 5/6	60.03021	183,565.82	133,371.37	237,187.64
10	C12	c3 5/6	60.03021	155,273.37	98,050.92	174,373.75
10	D01	c2 3/4	60.03021	202,121.96	142,589.61	253,581.36
10	D02	c2 3/4	60.03021	144,003.63	120,521.69	214,335.78
10	D03	c2 3/4	60.03021	233,561.29	148,365.92	263,853.94
10	D04	c2 3/4	60.03021	232,956.01	150,467.71	267,591.77
10	D05	c2 3/4	60.03021	223,399.10	150,826.87	268,230.50
10	D06	c2 3/4	60.03021	168,141.08	128,787.38	229,035.48
10	D07	c2 5/6	60.03021	274,639.25	152,036.42	270,381.58
10	D08	c2 5/6	60.03021	282,054.60	167,731.47	298,293.64
10	D09	c2 5/6	60.03021	149,922.12	123,305.90	219,287.22
10	D10	c2 5/6	60.03021	264,250.74	155,095.48	275,821.80
10	D11	c2 5/6	60.03021	226,067.02	124,133.20	220,758.49
10	D12	c2 5/6	60.03021	168,933.34	105,798.84	188,152.65
10	E01	p3.I.2 3/4	60.03021	174,838.22	170,357.70	302,964.13
10	E02	p3.I.2 3/4	60.03021	211,204.01	166,587.67	296,259.52
10	E03	p3.I.2 3/4	60.03021	216,486.37	169,761.92	301,904.59
10	E04	p3.I.2 3/4	60.03021	197,628.14	149,549.67	265,959.13
10	E05	p3.I.2 3/4	60.03021	193,162.87	150,461.73	267,581.15
10	E06	p3.I.2 3/4	60.03021	197,142.10	132,192.17	235,090.55
10	E07	p3.I.2 5/6	60.03021	206,371.21	133,321.92	237,099.70
10	E08	p3.I.2 5/6	60.03021	228,957.42	143,633.64	255,438.06
10	E09	p3.I.2 5/6	60.03021	189,903.93	130,186.95	231,524.46
10	E10	p3.I.2 5/6	60.03021	233,784.70	149,386.42	265,668.81
10	E11	p3.I.2 5/6	60.03021	201,273.43	145,060.81	257,976.15
10	E12	p3.I.2 5/6	60.03021	195,166.22	153,464.35	272,921.01
10	F01	p3.II.2 3/4	60.03021	166,368.82	138,854.50	246,938.84
10	F02	p3.II.2 3/4	60.03021	199,807.72	115,987.11	206,271.47
10	F03	p3.II.2 3/4	60.03021	186,401.01	131,429.25	233,733.78
10	F04	p3.II.2 3/4	60.03021	163,602.03	130,249.11	231,635.01
10	F05	p3.II.2 3/4	60.03021	219,336.50	109,734.99	195,152.71
10	F06	p3.II.2 3/4	60.03021	202,446.97	116,850.38	207,806.71
10	F07	p3.II.2 5/6	60.03021	216,451.56	127,390.33	226,550.96
10	F08	p3.II.2 5/6	60.03021	226,697.04	131,340.99	233,576.82
10	F09	p3.II.2 5/6	60.03021	255,170.48	125,378.06	222,972.34
10	F10	p3.II.2 5/6	60.03021	199,948.53	95,071.55	169,075.24
10	F11	p3.II.2 5/6	60.03021	238,335.47	106,204.19	188,873.54
10	F12	p3.II.2 5/6	60.03021	212,922.47	96,852.15	172,241.86
10	G01	p3.III.1 3/4	60.03021	181,292.26	115,683.85	205,732.16
10	G02	p3.III.1 3/4	60.03021	175,247.08	120,455.18	214,217.49
10	G03	p3.III.1 3/4	60.03021	205,560.12	106,997.31	190,284.01
10	G04	p3.III.1 3/4	60.03021	188,542.55	126,881.90	225,646.76
10	G05	p3.III.1 3/4	60.03021	178,443.72	119,608.38	212,711.55
10	G06	p3.III.1 3/4	60.03021	129,983.59	87,931.72	156,377.78
10	G07	p3.III.1 5/6	60.03021	226,994.23	110,691.81	196,854.32
10	G08	p3.III.1 5/6	60.03021	208,115.32	111,835.29	198,887.88
10	G09	p3.III.1 5/6	60.03021	198,814.32	116,752.35	207,632.38
10	G10	p3.III.1 5/6	60.03021	225,446.17	116,778.83	207,679.47
10	G11	p3.III.1 5/6	60.03021	198,511.82	82,399.16	146,538.67
10	G12	p3.III.1 5/6	60.03021	187,104.39	110,276.56	196,115.84
10	H01	Background	60.03021	0	0	0
10	H02	Background	60.03021	0	0	0
10	H03	Background	60.03021	0	0	0
10	H04	Background	60.03021	0	0	0
10	H05	Background	60.03021	0	0	0
10	H06	Background	60.03021	0	0	0
10	H07	Background	60.03021	0	0	0
10	H08	Background	60.03021	0	0	0
10	H09	Background	60.03021	0	0	0
10	H10	Background	60.03021	0	0	0
10	H11	Background	60.03021	0	0	0
10	H12	Background	60.03021	0	0	0
11	A01	Background	66.66204	0	0	0
11	A02	Background	66.66204	0	0	0
11	A03	Background	66.66204	0	0	0
11	A04	Background	66.66204	0	0	0
11	A05	Background	66.66204	0	0	0
11	A06	Background	66.66204	0	0	0
11	A07	Background	66.66204	0	0	0
11	A08	Background	66.66204	0	0	0
11	A09	Background	66.66204	0	0	0
11	A10	Background	66.66204	0	0	0
11	A11	Background	66.66204	0	0	0
11	A12	Background	66.66204	0	0	0
11	B01	c1 3/4	66.66204	229,875.85	158,559.97	281,983.05
11	B02	c1 3/4	66.66204	251,329.03	148,763.89	264,561.71
11	B03	c1 3/4	66.66204	236,429.76	165,274.65	293,924.44
11	B04	c1 3/4	66.66204	219,467.96	154,426.97	274,632.92
11	B05	c1 3/4	66.66204	241,963.59	165,534.54	294,386.62
11	B06	c1 3/4	66.66204	191,404.62	136,712.07	243,128.75
11	B07	c1 5/6	66.66204	175,063.02	114,750.11	204,071.59
11	B08	c1 5/6	66.66204	205,018.99	153,143.81	272,350.96
11	B09	c1 5/6	66.66204	196,203.53	148,706.97	264,460.47
11	B10	c1 5/6	66.66204	120,292.59	125,337.84	222,900.81
11	B11	c1 5/6	66.66204	172,937.62	155,417.05	276,393.67
11	B12	c1 5/6	66.66204	192,170.30	136,224.53	242,261.70
11	C01	c3 3/4	66.66204	175,432.96	124,494.67	221,401.31
11	C02	c3 3/4	66.66204	125,361.32	155,194.35	275,997.64
11	C03	c3 3/4	66.66204	195,409.63	81,172.92	144,357.91
11	C04	c3 3/4	66.66204	231,106.15	144,504.41	256,986.64
11	C05	c3 3/4	66.66204	217,135.70	161,983.57	288,071.59
11	C06	c3 3/4	66.66204	214,080.10	133,771.55	237,899.32
11	C07	c3 5/6	66.66204	245,632.03	156,888.88	279,011.19
11	C08	c3 5/6	66.66204	169,256.73	138,340.48	246,024.70
11	C09	c3 5/6	66.66204	206,691.64	126,705.63	225,333.29
11	C10	c3 5/6	66.66204	215,685.48	127,414.99	226,594.82
11	C11	c3 5/6	66.66204	186,755.68	129,360.59	230,054.87
11	C12	c3 5/6	66.66204	159,964.48	102,295.13	181,921.67
11	D01	c2 3/4	66.66204	219,651.90	137,158.21	243,922.16
11	D02	c2 3/4	66.66204	185,250.00	128,513.94	228,549.20
11	D03	c2 3/4	66.66204	271,163.45	152,873.47	271,870.17
11	D04	c2 3/4	66.66204	265,528.56	156,783.38	278,823.57
11	D05	c2 3/4	66.66204	265,761.39	162,467.67	288,932.50
11	D06	c2 3/4	66.66204	209,685.01	135,028.88	240,135.36
11	D07	c2 5/6	66.66204	282,868.57	148,465.38	264,030.83
11	D08	c2 5/6	66.66204	300,082.03	176,180.78	313,319.90
11	D09	c2 5/6	66.66204	170,974.72	134,683.70	239,521.49
11	D10	c2 5/6	66.66204	264,866.31	154,440.06	274,656.20
11	D11	c2 5/6	66.66204	226,524.91	115,522.91	205,445.94
11	D12	c2 5/6	66.66204	170,665.21	107,562.12	191,288.47
11	E01	p3.I.2 3/4	66.66204	210,943.81	164,698.90	292,900.53
11	E02	p3.I.2 3/4	66.66204	243,686.45	159,561.77	283,764.65
11	E03	p3.I.2 3/4	66.66204	249,141.60	170,360.99	302,969.98
11	E04	p3.I.2 3/4	66.66204	229,612.31	146,475.42	260,491.89
11	E05	p3.I.2 3/4	66.66204	214,801.67	142,992.02	254,297.01
11	E06	p3.I.2 3/4	66.66204	218,503.00	134,869.68	239,852.25
11	E07	p3.I.2 5/6	66.66204	217,735.81	136,404.68	242,582.08
11	E08	p3.I.2 5/6	66.66204	248,669.58	146,534.70	260,597.32
11	E09	p3.I.2 5/6	66.66204	217,074.93	131,553.35	233,954.48
11	E10	p3.I.2 5/6	66.66204	243,286.62	152,233.06	270,731.28
11	E11	p3.I.2 5/6	66.66204	211,985.25	148,824.36	264,669.25
11	E12	p3.I.2 5/6	66.66204	202,672.66	156,511.27	278,339.63
11	F01	p3.II.2 3/4	66.66204	185,803.62	136,277.53	242,355.96
11	F02	p3.II.2 3/4	66.66204	222,632.01	107,361.12	190,931.02
11	F03	p3.II.2 3/4	66.66204	206,189.49	128,341.46	228,242.46
11	F04	p3.II.2 3/4	66.66204	192,583.38	125,820.98	223,760.04
11	F05	p3.II.2 3/4	66.66204	239,126.59	117,791.72	209,480.79
11	F06	p3.II.2 3/4	66.66204	224,588.36	120,758.74	214,757.34
11	F07	p3.II.2 5/6	66.66204	239,700.89	132,946.84	236,432.66
11	F08	p3.II.2 5/6	66.66204	252,737.74	134,274.61	238,793.97
11	F09	p3.II.2 5/6	66.66204	277,259.01	129,414.85	230,151.36
11	F10	p3.II.2 5/6	66.66204	220,542.00	84,348.66	150,005.66
11	F11	p3.II.2 5/6	66.66204	255,960.79	102,991.55	183,160.18
11	F12	p3.II.2 5/6	66.66204	223,170.42	99,922.16	177,701.57
11	G01	p3.III.1 3/4	66.66204	185,018.90	117,694.37	209,307.67
11	G02	p3.III.1 3/4	66.66204	199,037.47	124,418.99	221,266.73
11	G03	p3.III.1 3/4	66.66204	225,612.86	110,681.09	196,835.25
11	G04	p3.III.1 3/4	66.66204	213,972.68	132,966.17	236,467.03
11	G05	p3.III.1 3/4	66.66204	202,161.88	118,569.51	210,864.02
11	G06	p3.III.1 3/4	66.66204	145,406.37	91,714.70	163,105.43
11	G07	p3.III.1 5/6	66.66204	219,720.44	106,523.99	189,442.27
11	G08	p3.III.1 5/6	66.66204	203,506.10	107,861.29	191,820.51
11	G09	p3.III.1 5/6	66.66204	191,482.84	114,069.17	202,860.62
11	G10	p3.III.1 5/6	66.66204	218,638.71	117,437.98	208,851.71
11	G11	p3.III.1 5/6	66.66204	199,463.09	85,577.35	152,190.76
11	G12	p3.III.1 5/6	66.66204	192,137.81	113,559.08	201,953.47
11	H01	Background	66.66204	0	0	0
11	H02	Background	66.66204	0	0	0
11	H03	Background	66.66204	0	0	0
11	H04	Background	66.66204	0	0	0
11	H05	Background	66.66204	0	0	0
11	H06	Background	66.66204	0	0	0
11	H07	Background	66.66204	0	0	0
11	H08	Background	66.66204	0	0	0
11	H09	Background	66.66204	0	0	0
11	H10	Background	66.66204	0	0	0
11	H11	Background	66.66204	0	0	0
11	H12	Background	66.66204	0	0	0
12	A01	Background	73.19039	0	0	0
12	A02	Background	73.19039	0	0	0
12	A03	Background	73.19039	0	0	0
12	A04	Background	73.19039	0	0	0
12	A05	Background	73.19039	0	0	0
12	A06	Background	73.19039	0	0	0
12	A07	Background	73.19039	0	0	0
12	A08	Background	73.19039	0	0	0
12	A09	Background	73.19039	0	0	0
12	A10	Background	73.19039	0	0	0
12	A11	Background	73.19039	0	0	0
12	A12	Background	73.19039	0	0	0
12	B01	c1 3/4	73.19039	227,879.78	158,969.41	282,711.19
12	B02	c1 3/4	73.19039	250,511.90	154,495.83	274,755.39
12	B03	c1 3/4	73.19039	241,779.09	167,409.05	297,720.25
12	B04	c1 3/4	73.19039	214,572.41	153,995.87	273,866.26
12	B05	c1 3/4	73.19039	238,226.58	168,018.06	298,803.32
12	B06	c1 3/4	73.19039	185,370.35	140,089.86	249,135.80
12	B07	c1 5/6	73.19039	164,973.74	125,983.99	224,049.93
12	B08	c1 5/6	73.19039	198,932.23	161,306.15	286,866.85
12	B09	c1 5/6	73.19039	187,879.78	155,819.22	277,108.90
12	B10	c1 5/6	73.19039	111,503.22	133,940.34	238,199.51
12	B11	c1 5/6	73.19039	164,852.72	159,973.82	284,497.45
12	B12	c1 5/6	73.19039	185,699.17	142,646.12	253,681.85
12	C01	c3 3/4	73.19039	176,186.55	127,498.44	226,743.23
12	C02	c3 3/4	73.19039	135,088.07	160,267.07	285,018.96
12	C03	c3 3/4	73.19039	193,363.52	98,695.66	175,520.37
12	C04	c3 3/4	73.19039	234,290.38	151,781.96	269,929.03
12	C05	c3 3/4	73.19039	217,084.78	168,599.59	299,837.51
12	C06	c3 3/4	73.19039	220,469.27	144,650.06	257,245.67
12	C07	c3 5/6	73.19039	247,381.32	161,603.80	287,396.19
12	C08	c3 5/6	73.19039	171,689.83	139,667.24	248,384.21
12	C09	c3 5/6	73.19039	205,784.52	134,841.48	239,802.09
12	C10	c3 5/6	73.19039	216,930.14	140,778.01	250,359.62
12	C11	c3 5/6	73.19039	187,409.42	135,881.12	241,650.99
12	C12	c3 5/6	73.19039	157,538.50	105,086.78	186,886.34
12	D01	c2 3/4	73.19039	225,609.04	140,328.03	249,559.36
12	D02	c2 3/4	73.19039	189,764.46	126,244.40	224,513.05
12	D03	c2 3/4	73.19039	272,255.38	157,260.10	279,671.37
12	D04	c2 3/4	73.19039	262,111.78	157,404.63	279,928.39
12	D05	c2 3/4	73.19039	264,363.76	160,542.35	285,508.52
12	D06	c2 3/4	73.19039	207,879.70	135,977.81	241,822.94
12	D07	c2 5/6	73.19039	284,723.99	152,119.80	270,529.86
12	D08	c2 5/6	73.19039	301,494.86	170,895.93	303,921.32
12	D09	c2 5/6	73.19039	169,580.03	130,399.24	231,902.00
12	D10	c2 5/6	73.19039	268,119.97	154,160.90	274,159.75
12	D11	c2 5/6	73.19039	228,215.21	122,746.79	218,292.89
12	D12	c2 5/6	73.19039	168,493.82	109,344.35	194,457.98
12	E01	p3.I.2 3/4	73.19039	202,149.10	173,142.65	307,916.88
12	E02	p3.I.2 3/4	73.19039	242,287.71	166,207.76	295,583.88
12	E03	p3.I.2 3/4	73.19039	252,687.52	172,903.70	307,491.94
12	E04	p3.I.2 3/4	73.19039	234,018.24	147,864.70	262,962.58
12	E05	p3.I.2 3/4	73.19039	221,931.52	152,757.61	271,664.14
12	E06	p3.I.2 3/4	73.19039	226,738.51	139,441.54	247,982.83
12	E07	p3.I.2 5/6	73.19039	219,231.11	135,866.66	241,625.27
12	E08	p3.I.2 5/6	73.19039	253,588.48	148,207.01	263,571.35
12	E09	p3.I.2 5/6	73.19039	215,588.00	134,080.56	238,448.88
12	E10	p3.I.2 5/6	73.19039	243,892.19	152,871.85	271,867.29
12	E11	p3.I.2 5/6	73.19039	218,538.72	147,739.38	262,739.71
12	E12	p3.I.2 5/6	73.19039	228,880.74	159,466.22	283,594.73
12	F01	p3.II.2 3/4	73.19039	185,877.38	137,293.64	244,163.01
12	F02	p3.II.2 3/4	73.19039	219,449.05	113,076.89	201,095.95
12	F03	p3.II.2 3/4	73.19039	207,977.22	133,559.93	237,522.98
12	F04	p3.II.2 3/4	73.19039	193,633.32	130,431.83	231,959.97
12	F05	p3.II.2 3/4	73.19039	237,690.36	117,946.42	209,755.91
12	F06	p3.II.2 3/4	73.19039	225,273.83	122,712.61	218,232.11
12	F07	p3.II.2 5/6	73.19039	240,735.34	132,793.30	236,159.61
12	F08	p3.II.2 5/6	73.19039	256,270.17	135,433.47	240,854.88
12	F09	p3.II.2 5/6	73.19039	279,260.60	132,987.30	236,504.61
12	F10	p3.II.2 5/6	73.19039	222,611.84	97,994.21	174,272.90
12	F11	p3.II.2 5/6	73.19039	258,525.71	108,890.25	193,650.42
12	F12	p3.II.2 5/6	73.19039	222,933.38	106,246.47	188,948.73
12	G01	p3.III.1 3/4	73.19039	189,405.63	117,839.59	209,565.92
12	G02	p3.III.1 3/4	73.19039	195,865.23	123,840.33	220,237.64
12	G03	p3.III.1 3/4	73.19039	222,543.08	111,733.41	198,706.70
12	G04	p3.III.1 3/4	73.19039	211,709.42	133,842.74	238,025.93
12	G05	p3.III.1 3/4	73.19039	201,625.57	122,664.66	218,146.83
12	G06	p3.III.1 3/4	73.19039	148,306.71	92,655.57	164,778.66
12	G07	p3.III.1 5/6	73.19039	217,118.75	109,319.24	194,413.33
12	G08	p3.III.1 5/6	73.19039	202,284.17	110,698.50	196,866.21
12	G09	p3.III.1 5/6	73.19039	188,617.35	115,445.92	205,309.03
12	G10	p3.III.1 5/6	73.19039	215,210.95	118,886.14	211,427.11
12	G11	p3.III.1 5/6	73.19039	200,725.37	86,377.26	153,613.31
12	G12	p3.III.1 5/6	73.19039	194,077.66	114,343.85	203,349.10
12	H01	Background	73.19039	0	0	0
12	H02	Background	73.19039	0	0	0
12	H03	Background	73.19039	0	0	0
12	H04	Background	73.19039	0	0	0
12	H05	Background	73.19039	0	0	0
12	H06	Background	73.19039	0	0	0
12	H07	Background	73.19039	0	0	0
12	H08	Background	73.19039	0	0	0
12	H09	Background	73.19039	0	0	0
12	H10	Background	73.19039	0	0	0
12	H11	Background	73.19039	0	0	0
12	H12	Background	73.19039	0	0	0
13	A01	Background	79.68858	0	0	0
13	A02	Background	79.68858	0	0	0
13	A03	Background	79.68858	0	0	0
13	A04	Background	79.68858	0	0	0
13	A05	Background	79.68858	0	0	0
13	A06	Background	79.68858	0	0	0
13	A07	Background	79.68858	0	0	0
13	A08	Background	79.68858	0	0	0
13	A09	Background	79.68858	0	0	0
13	A10	Background	79.68858	0	0	0
13	A11	Background	79.68858	0	0	0
13	A12	Background	79.68858	0	0	0
13	B01	c1 3/4	79.68858	228,167.70	157,996.06	280,980.20
13	B02	c1 3/4	79.68858	250,398.36	158,150.90	281,255.55
13	B03	c1 3/4	79.68858	244,558.88	170,845.13	303,830.98
13	B04	c1 3/4	79.68858	210,642.09	156,943.78	279,108.82
13	B05	c1 3/4	79.68858	237,060.11	171,695.98	305,344.13
13	B06	c1 3/4	79.68858	180,365.94	140,686.86	250,197.50
13	B07	c1 5/6	79.68858	156,147.66	129,789.79	230,818.17
13	B08	c1 5/6	79.68858	191,318.01	162,008.27	288,115.50
13	B09	c1 5/6	79.68858	183,061.68	153,534.34	273,045.47
13	B10	c1 5/6	79.68858	103,673.76	131,160.84	233,256.43
13	B11	c1 5/6	79.68858	159,600.59	159,553.09	283,749.21
13	B12	c1 5/6	79.68858	179,257.13	146,524.28	260,578.78
13	C01	c3 3/4	79.68858	182,137.58	120,024.24	213,451.10
13	C02	c3 3/4	79.68858	141,741.60	160,451.39	285,346.76
13	C03	c3 3/4	79.68858	201,945.89	100,713.83	179,109.48
13	C04	c3 3/4	79.68858	233,944.87	155,348.95	276,272.57
13	C05	c3 3/4	79.68858	225,200.99	174,579.09	310,471.45
13	C06	c3 3/4	79.68858	225,524.88	153,016.22	272,124.05
13	C07	c3 5/6	79.68858	249,199.90	167,041.01	297,065.74
13	C08	c3 5/6	79.68858	168,718.03	143,253.31	254,761.69
13	C09	c3 5/6	79.68858	210,379.61	138,599.00	246,484.47
13	C10	c3 5/6	79.68858	216,389.76	141,520.98	251,680.91
13	C11	c3 5/6	79.68858	188,834.72	138,414.24	246,155.88
13	C12	c3 5/6	79.68858	159,813.05	103,609.63	184,259.37
13	D01	c2 3/4	79.68858	231,874.50	144,016.87	256,119.60
13	D02	c2 3/4	79.68858	195,128.16	130,308.77	231,741.11
13	D03	c2 3/4	79.68858	282,948.10	160,614.42	285,636.69
13	D04	c2 3/4	79.68858	269,074.77	160,941.62	286,218.59
13	D05	c2 3/4	79.68858	270,272.04	165,167.41	293,733.73
13	D06	c2 3/4	79.68858	213,994.84	140,982.52	250,723.32
13	D07	c2 5/6	79.68858	284,204.65	156,994.08	279,198.27
13	D08	c2 5/6	79.68858	297,747.71	172,233.45	306,299.98
13	D09	c2 5/6	79.68858	172,001.26	130,976.93	232,929.37
13	D10	c2 5/6	79.68858	268,231.12	158,747.64	282,316.81
13	D11	c2 5/6	79.68858	225,689.14	123,916.43	220,372.98
13	D12	c2 5/6	79.68858	167,383.30	108,586.80	193,110.77
13	E01	p3.I.2 3/4	79.68858	212,954.09	170,451.67	303,131.25
13	E02	p3.I.2 3/4	79.68858	249,660.22	169,947.37	302,234.40
13	E03	p3.I.2 3/4	79.68858	260,833.96	181,843.91	323,391.21
13	E04	p3.I.2 3/4	79.68858	237,336.50	154,827.80	275,345.76
13	E05	p3.I.2 3/4	79.68858	229,726.95	162,929.04	289,753.00
13	E06	p3.I.2 3/4	79.68858	232,328.58	145,339.29	258,471.39
13	E07	p3.I.2 5/6	79.68858	221,259.98	142,755.78	253,876.88
13	E08	p3.I.2 5/6	79.68858	254,114.70	151,615.96	269,633.82
13	E09	p3.I.2 5/6	79.68858	221,128.76	137,620.40	244,744.12
13	E10	p3.I.2 5/6	79.68858	245,683.50	156,769.40	278,798.71
13	E11	p3.I.2 5/6	79.68858	223,603.03	152,012.95	270,339.83
13	E12	p3.I.2 5/6	79.68858	220,562.57	160,786.83	285,943.30
13	F01	p3.II.2 3/4	79.68858	198,508.97	141,453.72	251,561.30
13	F02	p3.II.2 3/4	79.68858	226,953.20	114,398.37	203,446.06
13	F03	p3.II.2 3/4	79.68858	216,408.15	137,347.21	244,258.28
13	F04	p3.II.2 3/4	79.68858	202,224.22	135,502.27	240,977.24
13	F05	p3.II.2 3/4	79.68858	241,489.90	119,854.03	213,148.40
13	F06	p3.II.2 3/4	79.68858	229,908.47	128,216.30	228,019.86
13	F07	p3.II.2 5/6	79.68858	244,042.34	137,099.37	243,817.52
13	F08	p3.II.2 5/6	79.68858	259,198.10	139,956.80	248,899.18
13	F09	p3.II.2 5/6	79.68858	285,268.99	138,666.80	246,605.03
13	F10	p3.II.2 5/6	79.68858	230,862.41	101,748.72	180,949.92
13	F11	p3.II.2 5/6	79.68858	264,649.09	109,583.63	194,883.54
13	F12	p3.II.2 5/6	79.68858	224,236.02	104,198.12	185,305.94
13	G01	p3.III.1 3/4	79.68858	194,477.22	119,148.16	211,893.10
13	G02	p3.III.1 3/4	79.68858	203,528.32	126,379.24	224,752.83
13	G03	p3.III.1 3/4	79.68858	227,250.60	112,970.24	200,906.27
13	G04	p3.III.1 3/4	79.68858	218,120.38	136,003.44	241,868.52
13	G05	p3.III.1 3/4	79.68858	208,492.26	125,370.37	222,958.66
13	G06	p3.III.1 3/4	79.68858	156,652.67	94,739.46	168,484.66
13	G07	p3.III.1 5/6	79.68858	214,974.80	109,863.69	195,381.58
13	G08	p3.III.1 5/6	79.68858	199,703.48	110,972.61	197,353.68
13	G09	p3.III.1 5/6	79.68858	186,988.06	115,424.92	205,271.68
13	G10	p3.III.1 5/6	79.68858	212,400.07	118,680.46	211,061.32
13	G11	p3.III.1 5/6	79.68858	201,230.36	85,299.57	151,696.75
13	G12	p3.III.1 5/6	79.68858	194,200.83	114,373.58	203,401.98
13	H01	Background	79.68858	0	0	0
13	H02	Background	79.68858	0	0	0
13	H03	Background	79.68858	0	0	0
13	H04	Background	79.68858	0	0	0
13	H05	Background	79.68858	0	0	0
13	H06	Background	79.68858	0	0	0
13	H07	Background	79.68858	0	0	0
13	H08	Background	79.68858	0	0	0
13	H09	Background	79.68858	0	0	0
13	H10	Background	79.68858	0	0	0
13	H11	Background	79.68858	0	0	0
13	H12	Background	79.68858	0	0	0
14	A01	Background	86.31963	0	0	0
14	A02	Background	86.31963	0	0	0
14	A03	Background	86.31963	0	0	0
14	A04	Background	86.31963	0	0	0
14	A05	Background	86.31963	0	0	0
14	A06	Background	86.31963	0	0	0
14	A07	Background	86.31963	0	0	0
14	A08	Background	86.31963	0	0	0
14	A09	Background	86.31963	0	0	0
14	A10	Background	86.31963	0	0	0
14	A11	Background	86.31963	0	0	0
14	A12	Background	86.31963	0	0	0
14	B01	c1 3/4	86.31963	48,924.63	147,022.79	261,465.33
14	B02	c1 3/4	86.31963	51,525.06	143,308.06	254,859.05
14	B03	c1 3/4	86.31963	55,890.98	160,355.49	285,176.20
14	B04	c1 3/4	86.31963	-16,272.55	155,151.34	275,921.15
14	B05	c1 3/4	86.31963	43,651.26	164,357.63	292,293.61
14	B06	c1 3/4	86.31963	-38,467.64	134,376.91	238,975.89
14	B07	c1 5/6	86.31963	6,908.88	120,173.37	213,716.32
14	B08	c1 5/6	86.31963	47,555.30	154,183.44	274,199.84
14	B09	c1 5/6	86.31963	40,169.26	144,323.71	256,665.28
14	B10	c1 5/6	86.31963	-41,978.56	126,373.05	224,741.84
14	B11	c1 5/6	86.31963	36,975.61	156,213.79	277,810.60
14	B12	c1 5/6	86.31963	42,415.45	139,463.18	248,021.32
14	C01	c3 3/4	86.31963	71,321.35	115,971.76	206,244.18
14	C02	c3 3/4	86.31963	-28,871.13	162,494.17	288,979.64
14	C03	c3 3/4	86.31963	-5,538.49	84,418.17	150,129.28
14	C04	c3 3/4	86.31963	67,427.28	150,314.99	267,320.18
14	C05	c3 3/4	86.31963	68,385.84	170,817.58	303,781.99
14	C06	c3 3/4	86.31963	82,022.91	147,465.65	262,252.91
14	C07	c3 5/6	86.31963	68,554.70	153,717.45	273,371.11
14	C08	c3 5/6	86.31963	-11,326.95	136,351.90	242,488.21
14	C09	c3 5/6	86.31963	60,287.39	128,435.31	228,409.36
14	C10	c3 5/6	86.31963	64,120.05	128,767.81	229,000.67
14	C11	c3 5/6	86.31963	67,705.43	130,756.99	232,538.22
14	C12	c3 5/6	86.31963	48,450.53	101,539.47	180,577.80
14	D01	c2 3/4	86.31963	75,818.56	129,111.35	229,611.63
14	D02	c2 3/4	86.31963	-52,971.24	121,142.41	215,439.67
14	D03	c2 3/4	86.31963	60,384.58	138,984.22	247,169.54
14	D04	c2 3/4	86.31963	57,385.04	148,745.41	264,528.84
14	D05	c2 3/4	86.31963	57,897.10	156,235.82	277,849.78
14	D06	c2 3/4	86.31963	-52,047.23	127,486.32	226,721.66
14	D07	c2 5/6	86.31963	45,675.49	137,824.07	245,106.32
14	D08	c2 5/6	86.31963	82,646.93	164,688.33	292,881.73
14	D09	c2 5/6	86.31963	-84,301.37	127,925.10	227,502.00
14	D10	c2 5/6	86.31963	55,571.98	144,468.86	256,923.42
14	D11	c2 5/6	86.31963	46,595.94	107,022.65	190,329.09
14	D12	c2 5/6	86.31963	40,515.43	100,094.15	178,007.44
14	E01	p3.I.2 3/4	86.31963	38,003.26	170,102.57	302,510.41
14	E02	p3.I.2 3/4	86.31963	88,040.03	171,757.48	305,453.51
14	E03	p3.I.2 3/4	86.31963	95,890.72	188,607.11	335,418.88
14	E04	p3.I.2 3/4	86.31963	83,238.62	157,357.54	279,844.65
14	E05	p3.I.2 3/4	86.31963	71,723.45	160,524.22	285,476.27
14	E06	p3.I.2 3/4	86.31963	82,489.39	149,778.11	266,365.39
14	E07	p3.I.2 5/6	86.31963	41,139.90	137,958.32	245,345.07
14	E08	p3.I.2 5/6	86.31963	67,598.27	147,355.96	262,057.83
14	E09	p3.I.2 5/6	86.31963	39,447.50	131,651.48	234,128.99
14	E10	p3.I.2 5/6	86.31963	63,514.44	151,625.25	269,650.35
14	E11	p3.I.2 5/6	86.31963	60,431.68	149,385.05	265,666.38
14	E12	p3.I.2 5/6	86.31963	42,258.20	161,536.20	287,275.98
14	F01	p3.II.2 3/4	86.31963	59,765.60	139,233.93	247,613.62
14	F02	p3.II.2 3/4	86.31963	63,680.37	108,950.55	193,757.66
14	F03	p3.II.2 3/4	86.31963	55,705.59	137,749.71	244,974.09
14	F04	p3.II.2 3/4	86.31963	42,607.18	133,540.48	237,488.39
14	F05	p3.II.2 3/4	86.31963	60,314.84	114,313.49	203,295.11
14	F06	p3.II.2 3/4	86.31963	67,508.96	128,088.70	227,792.94
14	F07	p3.II.2 5/6	86.31963	68,072.18	129,863.28	230,948.86
14	F08	p3.II.2 5/6	86.31963	65,709.04	127,452.93	226,662.30
14	F09	p3.II.2 5/6	86.31963	63,649.49	124,044.14	220,600.10
14	F10	p3.II.2 5/6	86.31963	54,546.61	87,742.89	156,041.96
14	F11	p3.II.2 5/6	86.31963	66,215.33	97,800.80	173,928.94
14	F12	p3.II.2 5/6	86.31963	47,061.90	102,401.95	182,111.63
14	G01	p3.III.1 3/4	86.31963	43,553.47	114,562.16	203,737.35
14	G02	p3.III.1 3/4	86.31963	48,783.87	120,465.18	214,235.27
14	G03	p3.III.1 3/4	86.31963	47,644.15	106,865.26	190,049.18
14	G04	p3.III.1 3/4	86.31963	44,595.41	135,209.89	240,457.27
14	G05	p3.III.1 3/4	86.31963	47,084.65	123,494.82	219,623.18
14	G06	p3.III.1 3/4	86.31963	-39,358.24	91,729.75	163,132.19
14	G07	p3.III.1 5/6	86.31963	37,605.91	98,621.97	175,389.31
14	G08	p3.III.1 5/6	86.31963	41,329.52	100,151.22	178,108.94
14	G09	p3.III.1 5/6	86.31963	33,846.26	104,897.03	186,548.87
14	G10	p3.III.1 5/6	86.31963	55,637.83	109,509.05	194,750.89
14	G11	p3.III.1 5/6	86.31963	37,517.19	81,423.30	144,803.20
14	G12	p3.III.1 5/6	86.31963	39,226.81	110,605.21	196,700.31
14	H01	Background	86.31963	0	0	0
14	H02	Background	86.31963	0	0	0
14	H03	Background	86.31963	0	0	0
14	H04	Background	86.31963	0	0	0
14	H05	Background	86.31963	0	0	0
14	H06	Background	86.31963	0	0	0
14	H07	Background	86.31963	0	0	0
14	H08	Background	86.31963	0	0	0
14	H09	Background	86.31963	0	0	0
14	H10	Background	86.31963	0	0	0
14	H11	Background	86.31963	0	0	0
14	H12	Background	86.31963	0	0	0
15	A01	Background	92.82978	0	0	0
15	A02	Background	92.82978	0	0	0
15	A03	Background	92.82978	0	0	0
15	A04	Background	92.82978	0	0	0
15	A05	Background	92.82978	0	0	0
15	A06	Background	92.82978	0	0	0
15	A07	Background	92.82978	0	0	0
15	A08	Background	92.82978	0	0	0
15	A09	Background	92.82978	0	0	0
15	A10	Background	92.82978	0	0	0
15	A11	Background	92.82978	0	0	0
15	A12	Background	92.82978	0	0	0
15	B01	c1 3/4	92.82978	46,420.57	146,468.72	260,479.97
15	B02	c1 3/4	92.82978	49,153.21	144,485.69	256,953.36
15	B03	c1 3/4	92.82978	53,216.17	157,690.99	280,437.66
15	B04	c1 3/4	92.82978	-18,122.72	150,362.32	267,404.35
15	B05	c1 3/4	92.82978	40,422.96	160,951.13	286,235.50
15	B06	c1 3/4	92.82978	-40,590.76	134,199.36	238,660.15
15	B07	c1 5/6	92.82978	1,952.28	123,797.13	220,160.82
15	B08	c1 5/6	92.82978	46,941.95	156,231.08	277,841.35
15	B09	c1 5/6	92.82978	38,602.53	147,313.69	261,982.67
15	B10	c1 5/6	92.82978	-42,611.89	129,323.39	229,988.71
15	B11	c1 5/6	92.82978	39,427.14	153,516.85	273,014.36
15	B12	c1 5/6	92.82978	42,238.26	136,248.07	242,303.56
15	C01	c3 3/4	92.82978	67,254.63	115,560.79	205,513.31
15	C02	c3 3/4	92.82978	-34,297.37	154,698.51	275,115.83
15	C03	c3 3/4	92.82978	-3,855.62	93,354.38	166,021.43
15	C04	c3 3/4	92.82978	67,164.47	151,164.46	268,830.87
15	C05	c3 3/4	92.82978	62,181.94	168,757.80	300,118.87
15	C06	c3 3/4	92.82978	77,486.15	147,202.06	261,784.14
15	C07	c3 5/6	92.82978	66,405.47	152,690.94	271,545.56
15	C08	c3 5/6	92.82978	-16,520.11	134,687.03	239,527.41
15	C09	c3 5/6	92.82978	58,325.02	132,662.73	235,927.40
15	C10	c3 5/6	92.82978	63,108.99	128,170.00	227,937.52
15	C11	c3 5/6	92.82978	67,617.89	126,127.34	224,304.86
15	C12	c3 5/6	92.82978	49,336.75	102,878.70	182,959.48
15	D01	c2 3/4	92.82978	71,002.99	127,930.57	227,511.73
15	D02	c2 3/4	92.82978	-53,422.77	120,123.23	213,627.15
15	D03	c2 3/4	92.82978	60,383.38	138,110.36	245,615.47
15	D04	c2 3/4	92.82978	58,072.53	146,924.25	261,290.09
15	D05	c2 3/4	92.82978	57,288.60	152,066.50	270,435.06
15	D06	c2 3/4	92.82978	-51,734.91	126,331.96	224,668.75
15	D07	c2 5/6	92.82978	46,819.46	135,126.44	240,308.86
15	D08	c2 5/6	92.82978	85,033.49	156,994.22	279,198.53
15	D09	c2 5/6	92.82978	-85,812.74	117,802.91	209,500.69
15	D10	c2 5/6	92.82978	55,031.33	140,657.77	250,145.78
15	D11	c2 5/6	92.82978	48,928.67	107,202.60	190,649.11
15	D12	c2 5/6	92.82978	39,713.34	97,226.42	172,907.47
15	E01	p3.I.2 3/4	92.82978	38,845.05	166,051.26	295,305.56
15	E02	p3.I.2 3/4	92.82978	84,771.42	170,387.65	303,017.39
15	E03	p3.I.2 3/4	92.82978	97,713.88	181,239.52	322,316.35
15	E04	p3.I.2 3/4	92.82978	82,918.71	158,741.46	282,305.82
15	E05	p3.I.2 3/4	92.82978	74,377.20	162,710.03	289,363.51
15	E06	p3.I.2 3/4	92.82978	79,694.34	146,496.07	260,528.60
15	E07	p3.I.2 5/6	92.82978	43,010.98	133,377.62	237,198.76
15	E08	p3.I.2 5/6	92.82978	67,283.76	141,803.86	252,183.98
15	E09	p3.I.2 5/6	92.82978	39,827.26	129,708.20	230,673.06
15	E10	p3.I.2 5/6	92.82978	63,954.85	145,605.72	258,945.21
15	E11	p3.I.2 5/6	92.82978	63,587.69	145,582.43	258,903.79
15	E12	p3.I.2 5/6	92.82978	66,038.21	152,831.67	271,795.85
15	F01	p3.II.2 3/4	92.82978	57,497.54	136,953.19	243,557.56
15	F02	p3.II.2 3/4	92.82978	63,930.98	108,289.81	192,582.59
15	F03	p3.II.2 3/4	92.82978	59,970.37	133,280.51	237,026.05
15	F04	p3.II.2 3/4	92.82978	49,594.06	132,172.86	235,056.22
15	F05	p3.II.2 3/4	92.82978	58,863.13	109,952.10	195,538.81
15	F06	p3.II.2 3/4	92.82978	63,301.35	123,647.34	219,894.44
15	F07	p3.II.2 5/6	92.82978	67,737.26	126,601.72	225,148.50
15	F08	p3.II.2 5/6	92.82978	65,400.44	125,536.54	223,254.18
15	F09	p3.II.2 5/6	92.82978	67,827.87	119,120.39	211,843.70
15	F10	p3.II.2 5/6	92.82978	56,213.81	87,577.31	155,747.48
15	F11	p3.II.2 5/6	92.82978	67,680.01	97,874.88	174,060.68
15	F12	p3.II.2 5/6	92.82978	45,745.36	95,444.55	169,738.58
15	G01	p3.III.1 3/4	92.82978	45,226.11	112,498.08	200,066.58
15	G02	p3.III.1 3/4	92.82978	49,582.06	117,516.38	208,991.14
15	G03	p3.III.1 3/4	92.82978	49,595.20	104,850.04	186,465.32
15	G04	p3.III.1 3/4	92.82978	46,067.38	130,564.18	232,195.34
15	G05	p3.III.1 3/4	92.82978	48,685.80	121,599.54	216,252.63
15	G06	p3.III.1 3/4	92.82978	-41,435.86	88,524.39	157,431.78
15	G07	p3.III.1 5/6	92.82978	38,344.82	97,657.61	173,674.30
15	G08	p3.III.1 5/6	92.82978	41,011.34	97,472.31	173,344.76
15	G09	p3.III.1 5/6	92.82978	34,101.95	101,611.53	180,705.95
15	G10	p3.III.1 5/6	92.82978	55,476.05	105,029.14	186,783.81
15	G11	p3.III.1 5/6	92.82978	40,419.92	74,308.22	132,149.74
15	G12	p3.III.1 5/6	92.82978	40,291.94	106,702.63	189,759.96
15	H01	Background	92.82978	0	0	0
15	H02	Background	92.82978	0	0	0
15	H03	Background	92.82978	0	0	0
15	H04	Background	92.82978	0	0	0
15	H05	Background	92.82978	0	0	0
15	H06	Background	92.82978	0	0	0
15	H07	Background	92.82978	0	0	0
15	H08	Background	92.82978	0	0	0
15	H09	Background	92.82978	0	0	0
15	H10	Background	92.82978	0	0	0
15	H11	Background	92.82978	0	0	0
15	H12	Background	92.82978	0	0	0
16	A01	Background	99.31471	0	0	0
16	A02	Background	99.31471	0	0	0
16	A03	Background	99.31471	0	0	0
16	A04	Background	99.31471	0	0	0
16	A05	Background	99.31471	0	0	0
16	A06	Background	99.31471	0	0	0
16	A07	Background	99.31471	0	0	0
16	A08	Background	99.31471	0	0	0
16	A09	Background	99.31471	0	0	0
16	A10	Background	99.31471	0	0	0
16	A11	Background	99.31471	0	0	0
16	A12	Background	99.31471	0	0	0
16	B01	c1 3/4	99.31471	44,512.77	145,905.95	259,479.14
16	B02	c1 3/4	99.31471	48,413.85	143,990.62	256,072.91
16	B03	c1 3/4	99.31471	52,011.75	159,416.51	283,506.32
16	B04	c1 3/4	99.31471	-20,726.78	149,902.08	266,585.85
16	B05	c1 3/4	99.31471	40,693.25	161,798.64	287,742.71
16	B06	c1 3/4	99.31471	-43,540.93	134,355.30	238,937.46
16	B07	c1 5/6	99.31471	878.60217	119,552.30	212,611.81
16	B08	c1 5/6	99.31471	47,092.81	154,552.00	274,855.28
16	B09	c1 5/6	99.31471	35,773.15	148,699.87	264,447.85
16	B10	c1 5/6	99.31471	-43,909.42	126,540.68	225,039.95
16	B11	c1 5/6	99.31471	36,398.12	154,329.68	274,459.90
16	B12	c1 5/6	99.31471	40,220.40	139,475.73	248,043.64
16	C01	c3 3/4	99.31471	64,474.11	112,413.47	199,916.12
16	C02	c3 3/4	99.31471	-36,000.13	154,727.52	275,167.42
16	C03	c3 3/4	99.31471	-8,177.87	96,338.25	171,327.94
16	C04	c3 3/4	99.31471	64,140.20	153,930.82	273,750.57
16	C05	c3 3/4	99.31471	64,687.38	168,693.79	300,005.04
16	C06	c3 3/4	99.31471	76,933.74	146,119.70	259,859.27
16	C07	c3 5/6	99.31471	64,536.56	155,760.82	277,005.05
16	C08	c3 5/6	99.31471	-14,215.48	135,334.31	240,678.54
16	C09	c3 5/6	99.31471	55,702.44	131,288.07	233,482.71
16	C10	c3 5/6	99.31471	61,395.59	128,923.89	229,278.24
16	C11	c3 5/6	99.31471	65,299.24	123,941.49	220,417.55
16	C12	c3 5/6	99.31471	47,252.85	96,749.35	172,059.05
16	D01	c2 3/4	99.31471	67,621.69	131,500.56	233,860.59
16	D02	c2 3/4	99.31471	-54,855.38	121,290.53	215,703.07
16	D03	c2 3/4	99.31471	56,731.11	140,596.67	250,037.11
16	D04	c2 3/4	99.31471	55,118.74	149,155.50	265,258.14
16	D05	c2 3/4	99.31471	57,481.71	152,876.53	271,875.63
16	D06	c2 3/4	99.31471	-52,816.19	128,864.51	229,172.65
16	D07	c2 5/6	99.31471	43,617.21	135,374.36	240,749.76
16	D08	c2 5/6	99.31471	83,454.90	155,869.71	277,198.69
16	D09	c2 5/6	99.31471	-89,519.96	117,624.92	209,184.16
16	D10	c2 5/6	99.31471	51,847.98	139,974.44	248,930.55
16	D11	c2 5/6	99.31471	46,579.14	104,968.93	186,676.75
16	D12	c2 5/6	99.31471	39,832.93	95,960.65	170,656.43
16	E01	p3.I.2 3/4	99.31471	34,688.53	165,144.13	293,692.31
16	E02	p3.I.2 3/4	99.31471	86,403.26	171,011.17	304,126.26
16	E03	p3.I.2 3/4	99.31471	95,060.83	184,280.37	327,724.21
16	E04	p3.I.2 3/4	99.31471	78,785.53	157,890.93	280,793.23
16	E05	p3.I.2 3/4	99.31471	71,604.07	161,491.64	287,196.73
16	E06	p3.I.2 3/4	99.31471	80,680.39	146,274.52	260,134.61
16	E07	p3.I.2 5/6	99.31471	41,420.84	133,855.65	238,048.89
16	E08	p3.I.2 5/6	99.31471	68,815.72	141,755.60	252,098.16
16	E09	p3.I.2 5/6	99.31471	34,222.13	129,851.87	230,928.56
16	E10	p3.I.2 5/6	99.31471	58,972.33	144,488.58	256,958.50
16	E11	p3.I.2 5/6	99.31471	57,745.78	145,436.90	258,644.98
16	E12	p3.I.2 5/6	99.31471	50,727.48	151,515.00	269,454.27
16	F01	p3.II.2 3/4	99.31471	57,284.81	134,476.86	239,153.65
16	F02	p3.II.2 3/4	99.31471	64,737.29	106,813.85	189,957.75
16	F03	p3.II.2 3/4	99.31471	61,175.97	137,144.89	243,898.47
16	F04	p3.II.2 3/4	99.31471	46,311.42	130,318.24	231,757.96
16	F05	p3.II.2 3/4	99.31471	59,212.36	110,019.27	195,658.27
16	F06	p3.II.2 3/4	99.31471	64,148.17	122,385.13	217,649.72
16	F07	p3.II.2 5/6	99.31471	70,676.51	125,395.69	223,003.70
16	F08	p3.II.2 5/6	99.31471	66,612.10	124,130.07	220,752.91
16	F09	p3.II.2 5/6	99.31471	66,279.33	117,549.26	209,049.60
16	F10	p3.II.2 5/6	99.31471	54,825.65	89,180.88	158,599.28
16	F11	p3.II.2 5/6	99.31471	67,096.93	91,156.75	162,113.16
16	F12	p3.II.2 5/6	99.31471	45,756.37	93,554.37	166,377.09
16	G01	p3.III.1 3/4	99.31471	42,091.93	110,443.33	196,412.42
16	G02	p3.III.1 3/4	99.31471	49,416.18	115,213.21	204,895.17
16	G03	p3.III.1 3/4	99.31471	48,351.30	102,298.70	181,928.01
16	G04	p3.III.1 3/4	99.31471	44,409.25	128,562.99	228,636.42
16	G05	p3.III.1 3/4	99.31471	47,427.97	119,111.09	211,827.16
16	G06	p3.III.1 3/4	99.31471	-42,485.55	87,676.40	155,923.72
16	G07	p3.III.1 5/6	99.31471	38,619.02	96,470.33	171,562.84
16	G08	p3.III.1 5/6	99.31471	41,803.51	96,927.92	172,376.61
16	G09	p3.III.1 5/6	99.31471	33,273.73	100,658.80	179,011.60
16	G10	p3.III.1 5/6	99.31471	53,533.34	103,279.30	183,671.91
16	G11	p3.III.1 5/6	99.31471	39,065.22	74,507.33	132,503.83
16	G12	p3.III.1 5/6	99.31471	38,695.38	103,986.84	184,930.20
16	H01	Background	99.31471	0	0	0
16	H02	Background	99.31471	0	0	0
16	H03	Background	99.31471	0	0	0
16	H04	Background	99.31471	0	0	0
16	H05	Background	99.31471	0	0	0
16	H06	Background	99.31471	0	0	0
16	H07	Background	99.31471	0	0	0
16	H08	Background	99.31471	0	0	0
16	H09	Background	99.31471	0	0	0
16	H10	Background	99.31471	0	0	0
16	H11	Background	99.31471	0	0	0
16	H12	Background	99.31471	0	0	0
