time	well1	fibro_id	time_exact	ocr	ecar	ppr
1	A01	Background	1.30988	0	0	0
1	A02	Background	1.30988	0	0	0
1	A03	Background	1.30988	0	0	0
1	A04	Background	1.30988	0	0	0
1	A05	Background	1.30988	0	0	0
1	A06	Background	1.30988	0	0	0
1	A07	Background	1.30988	0	0	0
1	A08	Background	1.30988	0	0	0
1	A09	Background	1.30988	0	0	0
1	A10	Background	1.30988	0	0	0
1	A11	Background	1.30988	0	0	0
1	A12	Background	1.30988	0	0	0
1	B01	c1 3/4	1.30988	67,145.16	45,229.76	80,436.60
1	B02	c1 3/4	1.30988	97,049.27	59,544.59	105,894.11
1	B03	c1 3/4	1.30988	92,944.49	69,452.62	123,514.54
1	B04	c1 3/4	1.30988	93,316.84	61,184.31	108,810.18
1	B05	c1 3/4	1.30988	107,309.31	70,577.33	125,514.73
1	B06	c1 3/4	1.30988	95,075.09	56,871.26	101,139.85
1	B07	c1 5/6	1.30988	94,170.95	67,816.81	120,605.42
1	B08	c1 5/6	1.30988	92,506.14	63,583.74	113,077.32
1	B09	c1 5/6	1.30988	85,706.29	69,004.16	122,716.99
1	B10	c1 5/6	1.30988	91,842.31	84,044.11	149,464.04
1	B11	c1 5/6	1.30988	61,748.87	77,011.26	136,956.83
1	B12	c1 5/6	1.30988	86,573.37	56,059.77	99,696.70
1	C01	c3 3/4	1.30988	89,824.81	35,519.77	63,168.37
1	C02	c3 3/4	1.30988	117,400.57	39,417.09	70,099.35
1	C03	c3 3/4	1.30988	114,229.53	46,544.22	82,774.23
1	C04	c3 3/4	1.30988	113,298.94	38,120.24	67,793.03
1	C05	c3 3/4	1.30988	112,352.39	46,673.68	83,004.48
1	C06	c3 3/4	1.30988	119,667.67	50,344.76	89,533.12
1	C07	c3 5/6	1.30988	100,092.95	25,998.42	46,235.59
1	C08	c3 5/6	1.30988	111,395.80	42,242.18	75,123.49
1	C09	c3 5/6	1.30988	106,240.85	26,068.17	46,359.64
1	C10	c3 5/6	1.30988	92,535.82	29,598.95	52,638.78
1	C11	c3 5/6	1.30988	87,661.71	22,035.34	39,187.66
1	C12	c3 5/6	1.30988	92,970.67	32,270.51	57,389.88
1	D01	c2 3/4	1.30988	159,435.98	72,116.58	128,252.13
1	D02	c2 3/4	1.30988	243,608.78	115,420.18	205,263.26
1	D03	c2 3/4	1.30988	241,797.40	110,273.08	196,109.65
1	D04	c2 3/4	1.30988	246,105.37	83,074.09	147,738.96
1	D05	c2 3/4	1.30988	264,981.03	128,440.97	228,419.42
1	D06	c2 3/4	1.30988	247,595.32	130,617.46	232,290.08
1	D07	c2 5/6	1.30988	253,009.45	107,822.15	191,750.92
1	D08	c2 5/6	1.30988	242,581.74	126,469.20	224,912.82
1	D09	c2 5/6	1.30988	227,485.81	119,141.89	211,881.94
1	D10	c2 5/6	1.30988	249,990.66	144,430.28	256,854.81
1	D11	c2 5/6	1.30988	203,924.43	79,053.67	140,589.04
1	D12	c2 5/6	1.30988	224,814.55	114,048.94	202,824.64
1	E01	p11.II.1 3/4	1.30988	62,134.98	74,115.61	131,807.20
1	E02	p11.II.1 3/4	1.30988	95,899.42	105,730.06	188,030.34
1	E03	p11.II.1 3/4	1.30988	81,642.02	121,397.21	215,892.80
1	E04	p11.II.1 3/4	1.30988	157,390.89	136,633.03	242,988.19
1	E05	p11.II.1 3/4	1.30988	93,960.01	116,207.76	206,663.88
1	E06	p11.II.1 3/4	1.30988	97,882.18	110,103.65	195,808.34
1	E07	p11.II.1 5/6	1.30988	98,414.26	98,833.17	175,764.91
1	E08	p11.II.1 5/6	1.30988	92,164.10	75,266.45	133,853.86
1	E09	p11.II.1 5/6	1.30988	103,055.03	112,281.12	199,680.74
1	E10	p11.II.1 5/6	1.30988	87,997.69	82,195.67	146,176.77
1	E11	p11.II.1 5/6	1.30988	89,869.85	102,899.97	182,997.30
1	E12	p11.II.1 5/6	1.30988	68,394.60	74,466.60	132,431.40
1	F01	p4.I.2 3/4	1.30988	39,219.80	10,483.91	18,644.58
1	F02	p4.I.2 3/4	1.30988	68,922.02	43,860.28	78,001.13
1	F03	p4.I.2 3/4	1.30988	58,865.73	32,960.03	58,616.13
1	F04	p4.I.2 3/4	1.30988	64,984.93	37,566.21	66,807.74
1	F05	p4.I.2 3/4	1.30988	71,429.87	44,137.00	78,493.23
1	F06	p4.I.2 3/4	1.30988	76,875.39	44,704.02	79,501.63
1	F07	p4.I.2 5/6	1.30988	65,099.97	51,719.08	91,977.21
1	F08	p4.I.2 5/6	1.30988	67,397.82	43,712.58	77,738.46
1	F09	p4.I.2 5/6	1.30988	68,314.48	48,492.91	86,239.79
1	F10	p4.I.2 5/6	1.30988	58,342.20	29,900.99	53,175.91
1	F11	p4.I.2 5/6	1.30988	73,073.62	31,931.58	56,787.12
1	F12	p4.I.2 5/6	1.30988	52,561.37	20,016.93	35,598.11
1	G01	p4.II.2 3/4	1.30988	41,954.64	22,678.32	40,331.12
1	G02	p4.II.2 3/4	1.30988	79,530.71	34,327.48	61,047.98
1	G03	p4.II.2 3/4	1.30988	78,727.33	65,756.60	116,941.54
1	G04	p4.II.2 3/4	1.30988	78,683.81	29,943.56	53,251.62
1	G05	p4.II.2 3/4	1.30988	82,244.70	39,254.45	69,810.11
1	G06	p4.II.2 3/4	1.30988	67,828.66	42,220.30	75,084.58
1	G07	p4.II.2 5/6	1.30988	67,251.16	40,234.46	71,552.96
1	G08	p4.II.2 5/6	1.30988	58,464.64	40,404.11	71,854.67
1	G09	p4.II.2 5/6	1.30988	71,151.37	48,598.50	86,427.58
1	G10	p4.II.2 5/6	1.30988	75,523.59	37,975.17	67,535.04
1	G11	p4.II.2 5/6	1.30988	32,602.23	39,817.92	70,812.19
1	G12	p4.II.2 5/6	1.30988	49,155.94	19,909.90	35,407.77
1	H01	Background	1.30988	0	0	0
1	H02	Background	1.30988	0	0	0
1	H03	Background	1.30988	0	0	0
1	H04	Background	1.30988	0	0	0
1	H05	Background	1.30988	0	0	0
1	H06	Background	1.30988	0	0	0
1	H07	Background	1.30988	0	0	0
1	H08	Background	1.30988	0	0	0
1	H09	Background	1.30988	0	0	0
1	H10	Background	1.30988	0	0	0
1	H11	Background	1.30988	0	0	0
1	H12	Background	1.30988	0	0	0
2	A01	Background	7.88009	0	0	0
2	A02	Background	7.88009	0	0	0
2	A03	Background	7.88009	0	0	0
2	A04	Background	7.88009	0	0	0
2	A05	Background	7.88009	0	0	0
2	A06	Background	7.88009	0	0	0
2	A07	Background	7.88009	0	0	0
2	A08	Background	7.88009	0	0	0
2	A09	Background	7.88009	0	0	0
2	A10	Background	7.88009	0	0	0
2	A11	Background	7.88009	0	0	0
2	A12	Background	7.88009	0	0	0
2	B01	c1 3/4	7.88009	65,405.42	39,066.02	69,475.01
2	B02	c1 3/4	7.88009	94,164.35	49,006.92	87,153.91
2	B03	c1 3/4	7.88009	85,807.63	63,094.70	112,207.61
2	B04	c1 3/4	7.88009	84,929.78	58,763.26	104,504.59
2	B05	c1 3/4	7.88009	95,525.05	63,716.68	113,313.75
2	B06	c1 3/4	7.88009	86,298.68	59,070.17	105,050.39
2	B07	c1 5/6	7.88009	88,597.43	25,788.41	45,862.10
2	B08	c1 5/6	7.88009	85,676.63	61,402.07	109,197.45
2	B09	c1 5/6	7.88009	79,567.94	60,257.09	107,161.21
2	B10	c1 5/6	7.88009	83,599.91	59,877.16	106,485.54
2	B11	c1 5/6	7.88009	60,616.77	68,019.59	120,966.05
2	B12	c1 5/6	7.88009	81,241.39	40,158.67	71,418.18
2	C01	c3 3/4	7.88009	83,913.88	31,278.90	55,626.40
2	C02	c3 3/4	7.88009	117,974.89	37,577.90	66,828.54
2	C03	c3 3/4	7.88009	105,660.23	41,752.91	74,253.38
2	C04	c3 3/4	7.88009	104,318.21	37,952.97	67,495.55
2	C05	c3 3/4	7.88009	106,020.68	35,201.81	62,602.89
2	C06	c3 3/4	7.88009	108,662.86	41,264.88	73,385.47
2	C07	c3 5/6	7.88009	92,405.52	28,316.29	50,357.68
2	C08	c3 5/6	7.88009	100,148.31	34,488.07	61,333.58
2	C09	c3 5/6	7.88009	97,049.09	26,363.98	46,885.71
2	C10	c3 5/6	7.88009	85,935.80	27,134.49	48,255.98
2	C11	c3 5/6	7.88009	83,638.06	26,731.24	47,538.83
2	C12	c3 5/6	7.88009	88,617.26	32,955.93	58,608.82
2	D01	c2 3/4	7.88009	149,927.77	69,308.61	123,258.43
2	D02	c2 3/4	7.88009	223,697.11	100,111.20	178,037.75
2	D03	c2 3/4	7.88009	223,959.66	112,738.10	200,493.43
2	D04	c2 3/4	7.88009	228,933.63	86,178.29	153,259.48
2	D05	c2 3/4	7.88009	241,161.77	119,003.82	211,636.38
2	D06	c2 3/4	7.88009	245,598.70	130,433.01	231,962.07
2	D07	c2 5/6	7.88009	228,551.96	101,304.32	180,159.60
2	D08	c2 5/6	7.88009	220,744.07	121,015.84	215,214.58
2	D09	c2 5/6	7.88009	210,451.46	115,991.66	206,279.56
2	D10	c2 5/6	7.88009	228,482.51	118,186.11	210,182.19
2	D11	c2 5/6	7.88009	193,704.95	88,689.22	157,724.91
2	D12	c2 5/6	7.88009	208,690.17	83,263.43	148,075.68
2	E01	p11.II.1 3/4	7.88009	59,266.08	71,121.27	126,482.06
2	E02	p11.II.1 3/4	7.88009	89,990.57	97,526.85	173,441.75
2	E03	p11.II.1 3/4	7.88009	63,715.11	97,234.30	172,921.47
2	E04	p11.II.1 3/4	7.88009	145,216.83	147,059.09	261,529.89
2	E05	p11.II.1 3/4	7.88009	87,568.68	95,158.75	169,230.31
2	E06	p11.II.1 3/4	7.88009	91,560.66	100,823.85	179,305.13
2	E07	p11.II.1 5/6	7.88009	90,549.73	84,597.73	150,448.61
2	E08	p11.II.1 5/6	7.88009	87,491.61	76,059.55	135,264.30
2	E09	p11.II.1 5/6	7.88009	93,324.38	102,996.68	183,169.29
2	E10	p11.II.1 5/6	7.88009	84,303.63	77,043.76	137,014.63
2	E11	p11.II.1 5/6	7.88009	86,406.38	91,934.89	163,497.01
2	E12	p11.II.1 5/6	7.88009	63,724.41	63,525.95	112,974.55
2	F01	p4.I.2 3/4	7.88009	37,150.83	10,684.64	19,001.56
2	F02	p4.I.2 3/4	7.88009	65,903.64	25,903.73	46,067.20
2	F03	p4.I.2 3/4	7.88009	53,748.85	24,767.99	44,047.40
2	F04	p4.I.2 3/4	7.88009	61,626.18	30,235.00	53,769.92
2	F05	p4.I.2 3/4	7.88009	65,497.30	33,907.21	60,300.58
2	F06	p4.I.2 3/4	7.88009	67,750.61	34,712.02	61,731.86
2	F07	p4.I.2 5/6	7.88009	59,978.02	35,887.76	63,822.80
2	F08	p4.I.2 5/6	7.88009	60,246.58	34,313.63	61,023.36
2	F09	p4.I.2 5/6	7.88009	58,460.01	35,593.92	63,300.23
2	F10	p4.I.2 5/6	7.88009	51,648.82	23,016.15	40,931.92
2	F11	p4.I.2 5/6	7.88009	65,372.51	25,348.57	45,079.90
2	F12	p4.I.2 5/6	7.88009	45,458.61	11,400.41	20,274.48
2	G01	p4.II.2 3/4	7.88009	38,925.17	20,407.13	36,292.05
2	G02	p4.II.2 3/4	7.88009	74,654.08	26,021.82	46,277.20
2	G03	p4.II.2 3/4	7.88009	71,635.16	35,573.97	63,264.75
2	G04	p4.II.2 3/4	7.88009	72,942.61	30,950.10	55,041.65
2	G05	p4.II.2 3/4	7.88009	74,551.23	35,472.39	63,084.10
2	G06	p4.II.2 3/4	7.88009	59,640.51	37,870.12	67,348.22
2	G07	p4.II.2 5/6	7.88009	59,467.20	32,916.32	58,538.38
2	G08	p4.II.2 5/6	7.88009	53,629.75	29,713.21	52,841.97
2	G09	p4.II.2 5/6	7.88009	62,225.60	37,240.49	66,228.48
2	G10	p4.II.2 5/6	7.88009	69,708.45	29,228.42	51,979.83
2	G11	p4.II.2 5/6	7.88009	32,837.65	23,199.20	41,257.46
2	G12	p4.II.2 5/6	7.88009	43,949.67	17,016.83	30,262.72
2	H01	Background	7.88009	0	0	0
2	H02	Background	7.88009	0	0	0
2	H03	Background	7.88009	0	0	0
2	H04	Background	7.88009	0	0	0
2	H05	Background	7.88009	0	0	0
2	H06	Background	7.88009	0	0	0
2	H07	Background	7.88009	0	0	0
2	H08	Background	7.88009	0	0	0
2	H09	Background	7.88009	0	0	0
2	H10	Background	7.88009	0	0	0
2	H11	Background	7.88009	0	0	0
2	H12	Background	7.88009	0	0	0
3	A01	Background	14.45161	0	0	0
3	A02	Background	14.45161	0	0	0
3	A03	Background	14.45161	0	0	0
3	A04	Background	14.45161	0	0	0
3	A05	Background	14.45161	0	0	0
3	A06	Background	14.45161	0	0	0
3	A07	Background	14.45161	0	0	0
3	A08	Background	14.45161	0	0	0
3	A09	Background	14.45161	0	0	0
3	A10	Background	14.45161	0	0	0
3	A11	Background	14.45161	0	0	0
3	A12	Background	14.45161	0	0	0
3	B01	c1 3/4	14.45161	66,193.88	36,951.52	65,714.58
3	B02	c1 3/4	14.45161	95,338.30	45,011.80	80,048.98
3	B03	c1 3/4	14.45161	86,411.03	58,249.33	103,590.61
3	B04	c1 3/4	14.45161	83,299.37	57,944.23	103,048.03
3	B05	c1 3/4	14.45161	94,963.73	58,896.86	104,742.17
3	B06	c1 3/4	14.45161	87,155.34	53,558.49	95,248.41
3	B07	c1 5/6	14.45161	90,672.03	40,049.46	71,223.96
3	B08	c1 5/6	14.45161	87,085.76	56,300.08	100,124.06
3	B09	c1 5/6	14.45161	80,502.69	52,416.30	93,217.15
3	B10	c1 5/6	14.45161	85,014.87	53,045.46	94,336.05
3	B11	c1 5/6	14.45161	58,687.26	62,837.17	111,749.62
3	B12	c1 5/6	14.45161	81,006.54	44,505.92	79,149.33
3	C01	c3 3/4	14.45161	84,181.92	30,002.33	53,356.15
3	C02	c3 3/4	14.45161	115,364.00	37,751.12	67,136.59
3	C03	c3 3/4	14.45161	104,024.41	39,403.96	70,076.01
3	C04	c3 3/4	14.45161	101,840.87	38,267.39	68,054.72
3	C05	c3 3/4	14.45161	104,168.04	34,200.06	60,821.38
3	C06	c3 3/4	14.45161	106,013.34	41,321.83	73,486.74
3	C07	c3 5/6	14.45161	91,080.89	31,072.30	55,258.98
3	C08	c3 5/6	14.45161	97,860.59	33,488.78	59,556.44
3	C09	c3 5/6	14.45161	95,752.43	26,679.08	47,446.08
3	C10	c3 5/6	14.45161	82,279.07	27,450.29	48,817.60
3	C11	c3 5/6	14.45161	81,521.62	29,605.37	52,650.19
3	C12	c3 5/6	14.45161	87,209.97	31,068.12	55,251.54
3	D01	c2 3/4	14.45161	149,090.41	67,294.64	119,676.78
3	D02	c2 3/4	14.45161	222,454.99	101,965.23	181,334.97
3	D03	c2 3/4	14.45161	218,027.64	114,155.79	203,014.66
3	D04	c2 3/4	14.45161	222,348.70	92,725.78	164,903.53
3	D05	c2 3/4	14.45161	234,413.16	121,440.55	215,969.87
3	D06	c2 3/4	14.45161	240,733.11	130,705.59	232,446.82
3	D07	c2 5/6	14.45161	223,797.69	105,795.59	188,146.88
3	D08	c2 5/6	14.45161	216,512.22	121,790.82	216,592.79
3	D09	c2 5/6	14.45161	205,721.61	116,501.45	207,186.18
3	D10	c2 5/6	14.45161	224,645.98	114,055.16	202,835.71
3	D11	c2 5/6	14.45161	190,232.41	92,597.49	164,675.37
3	D12	c2 5/6	14.45161	212,097.67	79,121.35	140,709.41
3	E01	p11.II.1 3/4	14.45161	60,016.29	68,878.32	122,493.21
3	E02	p11.II.1 3/4	14.45161	90,086.58	92,585.38	164,653.85
3	E03	p11.II.1 3/4	14.45161	57,177.49	91,967.49	163,554.98
3	E04	p11.II.1 3/4	14.45161	137,620.26	161,486.45	287,187.50
3	E05	p11.II.1 3/4	14.45161	87,883.42	88,238.62	156,923.56
3	E06	p11.II.1 3/4	14.45161	93,413.01	97,282.92	173,007.95
3	E07	p11.II.1 5/6	14.45161	88,545.32	79,279.13	140,990.00
3	E08	p11.II.1 5/6	14.45161	86,865.77	75,820.89	134,839.86
3	E09	p11.II.1 5/6	14.45161	95,133.67	96,316.35	171,288.99
3	E10	p11.II.1 5/6	14.45161	84,287.36	74,330.63	132,189.59
3	E11	p11.II.1 5/6	14.45161	85,239.62	87,600.45	155,788.65
3	E12	p11.II.1 5/6	14.45161	63,510.69	63,289.50	112,554.04
3	F01	p4.I.2 3/4	14.45161	35,227.70	10,252.14	18,232.41
3	F02	p4.I.2 3/4	14.45161	63,066.81	23,668.28	42,091.67
3	F03	p4.I.2 3/4	14.45161	51,927.64	22,625.73	40,237.61
3	F04	p4.I.2 3/4	14.45161	55,899.79	28,425.00	50,551.03
3	F05	p4.I.2 3/4	14.45161	61,953.63	32,734.72	58,215.43
3	F06	p4.I.2 3/4	14.45161	69,306.30	28,798.87	51,215.92
3	F07	p4.I.2 5/6	14.45161	59,206.08	34,694.54	61,700.76
3	F08	p4.I.2 5/6	14.45161	57,012.77	32,675.44	58,110.01
3	F09	p4.I.2 5/6	14.45161	56,219.88	33,052.53	58,780.62
3	F10	p4.I.2 5/6	14.45161	48,040.10	20,037.19	35,634.14
3	F11	p4.I.2 5/6	14.45161	63,098.89	23,537.93	41,859.86
3	F12	p4.I.2 5/6	14.45161	47,756.68	9,149.21	16,270.95
3	G01	p4.II.2 3/4	14.45161	37,878.67	18,363.73	32,658.07
3	G02	p4.II.2 3/4	14.45161	72,992.33	24,625.40	43,793.80
3	G03	p4.II.2 3/4	14.45161	69,945.47	32,157.91	57,189.63
3	G04	p4.II.2 3/4	14.45161	69,341.36	30,534.24	54,302.09
3	G05	p4.II.2 3/4	14.45161	71,937.39	33,597.15	59,749.17
3	G06	p4.II.2 3/4	14.45161	60,160.56	35,592.21	63,297.19
3	G07	p4.II.2 5/6	14.45161	58,996.83	30,206.96	53,720.05
3	G08	p4.II.2 5/6	14.45161	51,826.13	28,918.23	51,428.17
3	G09	p4.II.2 5/6	14.45161	60,729.73	33,122.10	58,904.34
3	G10	p4.II.2 5/6	14.45161	66,357.89	27,738.05	49,329.36
3	G11	p4.II.2 5/6	14.45161	29,883.53	21,487.93	38,214.14
3	G12	p4.II.2 5/6	14.45161	45,467.05	14,814.67	26,346.40
3	H01	Background	14.45161	0	0	0
3	H02	Background	14.45161	0	0	0
3	H03	Background	14.45161	0	0	0
3	H04	Background	14.45161	0	0	0
3	H05	Background	14.45161	0	0	0
3	H06	Background	14.45161	0	0	0
3	H07	Background	14.45161	0	0	0
3	H08	Background	14.45161	0	0	0
3	H09	Background	14.45161	0	0	0
3	H10	Background	14.45161	0	0	0
3	H11	Background	14.45161	0	0	0
3	H12	Background	14.45161	0	0	0
4	A01	Background	21.01376	0	0	0
4	A02	Background	21.01376	0	0	0
4	A03	Background	21.01376	0	0	0
4	A04	Background	21.01376	0	0	0
4	A05	Background	21.01376	0	0	0
4	A06	Background	21.01376	0	0	0
4	A07	Background	21.01376	0	0	0
4	A08	Background	21.01376	0	0	0
4	A09	Background	21.01376	0	0	0
4	A10	Background	21.01376	0	0	0
4	A11	Background	21.01376	0	0	0
4	A12	Background	21.01376	0	0	0
4	B01	c1 3/4	21.01376	67,120.31	34,934.44	62,127.40
4	B02	c1 3/4	21.01376	97,062.23	45,797.62	81,446.49
4	B03	c1 3/4	21.01376	87,818.38	54,752.12	97,371.17
4	B04	c1 3/4	21.01376	86,686.16	52,697.40	93,717.06
4	B05	c1 3/4	21.01376	96,315.40	53,549.27	95,232.02
4	B06	c1 3/4	21.01376	88,183.53	49,379.07	87,815.74
4	B07	c1 5/6	21.01376	91,977.78	45,632.93	81,153.60
4	B08	c1 5/6	21.01376	87,861.90	52,872.55	94,028.54
4	B09	c1 5/6	21.01376	81,943.35	49,148.03	87,404.86
4	B10	c1 5/6	21.01376	85,802.47	48,199.44	85,717.89
4	B11	c1 5/6	21.01376	59,943.86	59,355.41	105,557.66
4	B12	c1 5/6	21.01376	82,365.55	43,856.71	77,994.77
4	C01	c3 3/4	21.01376	84,782.58	28,766.83	51,158.93
4	C02	c3 3/4	21.01376	113,412.19	37,320.35	66,370.51
4	C03	c3 3/4	21.01376	102,896.86	38,232.44	67,992.57
4	C04	c3 3/4	21.01376	101,548.23	37,762.82	67,157.40
4	C05	c3 3/4	21.01376	104,758.54	34,189.57	60,802.73
4	C06	c3 3/4	21.01376	104,830.56	40,535.53	72,088.38
4	C07	c3 5/6	21.01376	90,112.35	31,962.76	56,842.57
4	C08	c3 5/6	21.01376	95,796.44	32,822.18	58,370.97
4	C09	c3 5/6	21.01376	94,952.08	29,183.18	51,899.37
4	C10	c3 5/6	21.01376	82,993.33	27,404.75	48,736.61
4	C11	c3 5/6	21.01376	81,792.74	30,492.53	54,227.91
4	C12	c3 5/6	21.01376	87,615.17	29,347.29	52,191.22
4	D01	c2 3/4	21.01376	154,198.96	65,581.50	116,630.14
4	D02	c2 3/4	21.01376	221,193.57	98,797.64	175,701.72
4	D03	c2 3/4	21.01376	219,365.39	111,299.46	197,934.96
4	D04	c2 3/4	21.01376	220,160.53	95,789.24	170,351.58
4	D05	c2 3/4	21.01376	234,506.32	120,101.67	213,588.81
4	D06	c2 3/4	21.01376	244,271.15	128,202.79	227,995.85
4	D07	c2 5/6	21.01376	222,739.28	106,285.79	189,018.66
4	D08	c2 5/6	21.01376	216,461.00	118,742.95	211,172.46
4	D09	c2 5/6	21.01376	205,757.74	113,688.18	202,183.07
4	D10	c2 5/6	21.01376	224,863.27	109,428.98	194,608.50
4	D11	c2 5/6	21.01376	189,589.19	91,770.16	163,204.05
4	D12	c2 5/6	21.01376	211,077.62	77,481.20	137,792.56
4	E01	p11.II.1 3/4	21.01376	62,579.23	66,996.97	119,147.41
4	E02	p11.II.1 3/4	21.01376	92,460.24	90,345.04	160,669.63
4	E03	p11.II.1 3/4	21.01376	56,514.83	89,271.81	158,760.98
4	E04	p11.II.1 3/4	21.01376	132,193.82	171,379.33	304,781.00
4	E05	p11.II.1 3/4	21.01376	89,824.28	85,728.69	152,459.91
4	E06	p11.II.1 3/4	21.01376	94,276.24	93,936.66	167,056.95
4	E07	p11.II.1 5/6	21.01376	91,148.56	76,308.01	135,706.16
4	E08	p11.II.1 5/6	21.01376	85,819.62	74,697.70	132,842.39
4	E09	p11.II.1 5/6	21.01376	94,706.16	94,356.55	167,803.69
4	E10	p11.II.1 5/6	21.01376	84,007.99	72,464.99	128,871.74
4	E11	p11.II.1 5/6	21.01376	86,875.54	84,437.17	150,163.07
4	E12	p11.II.1 5/6	21.01376	65,795.84	62,320.58	110,830.92
4	F01	p4.I.2 3/4	21.01376	38,541.14	10,064.01	17,897.84
4	F02	p4.I.2 3/4	21.01376	64,470.86	23,020.59	40,939.81
4	F03	p4.I.2 3/4	21.01376	51,951.29	20,199.49	35,922.77
4	F04	p4.I.2 3/4	21.01376	56,297.11	26,332.03	46,828.88
4	F05	p4.I.2 3/4	21.01376	61,615.73	32,325.33	57,487.37
4	F06	p4.I.2 3/4	21.01376	67,685.89	27,598.63	49,081.41
4	F07	p4.I.2 5/6	21.01376	57,672.75	33,392.46	59,385.16
4	F08	p4.I.2 5/6	21.01376	55,402.40	30,626.24	54,465.70
4	F09	p4.I.2 5/6	21.01376	58,347.67	31,695.21	56,366.76
4	F10	p4.I.2 5/6	21.01376	47,487.07	19,138.77	34,036.38
4	F11	p4.I.2 5/6	21.01376	62,805.82	22,894.16	40,714.97
4	F12	p4.I.2 5/6	21.01376	46,279.06	8,624.62	15,338.02
4	G01	p4.II.2 3/4	21.01376	38,758.87	19,299.26	34,321.80
4	G02	p4.II.2 3/4	21.01376	72,247.94	24,921.14	44,319.75
4	G03	p4.II.2 3/4	21.01376	67,881.83	31,390.39	55,824.67
4	G04	p4.II.2 3/4	21.01376	69,147.50	30,915.39	54,979.92
4	G05	p4.II.2 3/4	21.01376	72,278.67	32,593.04	57,963.47
4	G06	p4.II.2 3/4	21.01376	59,629.97	32,973.97	58,640.90
4	G07	p4.II.2 5/6	21.01376	60,606.81	29,234.48	51,990.60
4	G08	p4.II.2 5/6	21.01376	50,676.01	26,763.98	47,597.06
4	G09	p4.II.2 5/6	21.01376	59,529.23	32,861.73	58,441.30
4	G10	p4.II.2 5/6	21.01376	65,085.99	27,242.43	48,447.93
4	G11	p4.II.2 5/6	21.01376	28,834.86	19,895.97	35,383.00
4	G12	p4.II.2 5/6	21.01376	45,706.05	13,128.84	23,348.33
4	H01	Background	21.01376	0	0	0
4	H02	Background	21.01376	0	0	0
4	H03	Background	21.01376	0	0	0
4	H04	Background	21.01376	0	0	0
4	H05	Background	21.01376	0	0	0
4	H06	Background	21.01376	0	0	0
4	H07	Background	21.01376	0	0	0
4	H08	Background	21.01376	0	0	0
4	H09	Background	21.01376	0	0	0
4	H10	Background	21.01376	0	0	0
4	H11	Background	21.01376	0	0	0
4	H12	Background	21.01376	0	0	0
5	A01	Background	27.67991	0	0	0
5	A02	Background	27.67991	0	0	0
5	A03	Background	27.67991	0	0	0
5	A04	Background	27.67991	0	0	0
5	A05	Background	27.67991	0	0	0
5	A06	Background	27.67991	0	0	0
5	A07	Background	27.67991	0	0	0
5	A08	Background	27.67991	0	0	0
5	A09	Background	27.67991	0	0	0
5	A10	Background	27.67991	0	0	0
5	A11	Background	27.67991	0	0	0
5	A12	Background	27.67991	0	0	0
5	B01	c1 3/4	27.67991	23,984.87	55,907.65	99,426.16
5	B02	c1 3/4	27.67991	42,626.78	68,268.69	121,409.04
5	B03	c1 3/4	27.67991	35,434.11	77,594.79	137,994.58
5	B04	c1 3/4	27.67991	38,077.47	80,562.13	143,271.68
5	B05	c1 3/4	27.67991	40,223.78	83,808.09	149,044.31
5	B06	c1 3/4	27.67991	38,283.76	81,022.11	144,089.71
5	B07	c1 5/6	27.67991	43,716.48	72,681.41	129,256.63
5	B08	c1 5/6	27.67991	40,384.93	80,524.18	143,204.20
5	B09	c1 5/6	27.67991	33,161.91	73,487.91	130,690.89
5	B10	c1 5/6	27.67991	36,244.60	68,224.75	121,330.90
5	B11	c1 5/6	27.67991	-17,157.82	77,655.33	138,102.24
5	B12	c1 5/6	27.67991	33,905.53	59,104.33	105,111.15
5	C01	c3 3/4	27.67991	30,190.22	63,447.91	112,835.76
5	C02	c3 3/4	27.67991	58,630.63	74,623.90	132,711.14
5	C03	c3 3/4	27.67991	41,832.50	75,668.00	134,567.97
5	C04	c3 3/4	27.67991	40,615.04	76,586.73	136,201.85
5	C05	c3 3/4	27.67991	42,171.95	63,641.24	113,179.58
5	C06	c3 3/4	27.67991	43,461.93	71,311.18	126,819.80
5	C07	c3 5/6	27.67991	35,701.75	60,300.84	107,239.01
5	C08	c3 5/6	27.67991	38,787.40	58,499.92	104,036.27
5	C09	c3 5/6	27.67991	40,819.55	55,647.60	98,963.70
5	C10	c3 5/6	27.67991	33,243.98	57,462.97	102,192.14
5	C11	c3 5/6	27.67991	31,444.96	62,687.83	111,484.03
5	C12	c3 5/6	27.67991	32,916.25	59,119.17	105,137.53
5	D01	c2 3/4	27.67991	47,816.19	113,342.85	201,568.92
5	D02	c2 3/4	27.67991	71,899.28	177,859.20	316,304.80
5	D03	c2 3/4	27.67991	71,765.95	191,551.57	340,655.31
5	D04	c2 3/4	27.67991	75,438.62	167,395.23	297,695.67
5	D05	c2 3/4	27.67991	74,681.21	195,665.01	347,970.65
5	D06	c2 3/4	27.67991	82,680.97	210,520.80	374,390.18
5	D07	c2 5/6	27.67991	71,170.46	170,737.00	303,638.68
5	D08	c2 5/6	27.67991	65,257.88	188,391.55	335,035.53
5	D09	c2 5/6	27.67991	67,654.22	175,116.59	311,427.35
5	D10	c2 5/6	27.67991	82,079.97	165,838.59	294,927.34
5	D11	c2 5/6	27.67991	63,551.99	160,218.88	284,933.25
5	D12	c2 5/6	27.67991	68,135.80	141,080.94	250,898.35
5	E01	p11.II.1 3/4	27.67991	24,802.90	89,370.28	158,936.10
5	E02	p11.II.1 3/4	27.67991	36,589.88	131,329.95	233,557.19
5	E03	p11.II.1 3/4	27.67991	11,638.50	123,400.76	219,455.91
5	E04	p11.II.1 3/4	27.67991	56,642.04	273,631.58	486,626.40
5	E05	p11.II.1 3/4	27.67991	33,758.52	114,893.61	204,326.79
5	E06	p11.II.1 3/4	27.67991	36,918.86	128,119.57	227,847.84
5	E07	p11.II.1 5/6	27.67991	37,038.68	104,284.25	185,459.11
5	E08	p11.II.1 5/6	27.67991	28,966.49	110,832.46	197,104.45
5	E09	p11.II.1 5/6	27.67991	36,013.39	126,374.96	224,745.24
5	E10	p11.II.1 5/6	27.67991	29,975.66	105,718.45	188,009.69
5	E11	p11.II.1 5/6	27.67991	30,562.22	111,031.55	197,458.50
5	E12	p11.II.1 5/6	27.67991	22,056.04	89,151.09	158,546.30
5	F01	p4.I.2 3/4	27.67991	13,240.56	23,477.09	41,751.66
5	F02	p4.I.2 3/4	27.67991	29,934.63	38,594.09	68,635.72
5	F03	p4.I.2 3/4	27.67991	25,694.33	34,238.15	60,889.13
5	F04	p4.I.2 3/4	27.67991	22,489.84	40,687.89	72,359.34
5	F05	p4.I.2 3/4	27.67991	24,263.92	47,567.89	84,594.74
5	F06	p4.I.2 3/4	27.67991	31,476.16	45,664.14	81,209.11
5	F07	p4.I.2 5/6	27.67991	27,613.46	39,104.85	69,544.07
5	F08	p4.I.2 5/6	27.67991	26,760.77	36,346.19	64,638.07
5	F09	p4.I.2 5/6	27.67991	21,661.75	36,466.39	64,851.83
5	F10	p4.I.2 5/6	27.67991	18,129.20	33,004.74	58,695.64
5	F11	p4.I.2 5/6	27.67991	23,563.85	35,721.02	63,526.27
5	F12	p4.I.2 5/6	27.67991	13,177.36	22,477.27	39,973.58
5	G01	p4.II.2 3/4	27.67991	13,444.12	33,185.37	59,016.86
5	G02	p4.II.2 3/4	27.67991	32,728.95	46,461.44	82,627.03
5	G03	p4.II.2 3/4	27.67991	29,335.31	45,105.11	80,214.94
5	G04	p4.II.2 3/4	27.67991	29,059.25	55,344.59	98,424.81
5	G05	p4.II.2 3/4	27.67991	31,264.51	54,231.51	96,445.32
5	G06	p4.II.2 3/4	27.67991	26,158.64	45,412.53	80,761.64
5	G07	p4.II.2 5/6	27.67991	22,950.59	50,378.54	89,593.19
5	G08	p4.II.2 5/6	27.67991	19,024.30	41,219.50	73,304.76
5	G09	p4.II.2 5/6	27.67991	23,524.78	4,725.99	8,404.69
5	G10	p4.II.2 5/6	27.67991	26,468.31	42,777.36	76,075.26
5	G11	p4.II.2 5/6	27.67991	639.40078	27,926.29	49,664.11
5	G12	p4.II.2 5/6	27.67991	20,282.01	22,404.54	39,844.23
5	H01	Background	27.67991	0	0	0
5	H02	Background	27.67991	0	0	0
5	H03	Background	27.67991	0	0	0
5	H04	Background	27.67991	0	0	0
5	H05	Background	27.67991	0	0	0
5	H06	Background	27.67991	0	0	0
5	H07	Background	27.67991	0	0	0
5	H08	Background	27.67991	0	0	0
5	H09	Background	27.67991	0	0	0
5	H10	Background	27.67991	0	0	0
5	H11	Background	27.67991	0	0	0
5	H12	Background	27.67991	0	0	0
6	A01	Background	34.22594	0	0	0
6	A02	Background	34.22594	0	0	0
6	A03	Background	34.22594	0	0	0
6	A04	Background	34.22594	0	0	0
6	A05	Background	34.22594	0	0	0
6	A06	Background	34.22594	0	0	0
6	A07	Background	34.22594	0	0	0
6	A08	Background	34.22594	0	0	0
6	A09	Background	34.22594	0	0	0
6	A10	Background	34.22594	0	0	0
6	A11	Background	34.22594	0	0	0
6	A12	Background	34.22594	0	0	0
6	B01	c1 3/4	34.22594	22,668.28	60,212.98	107,082.77
6	B02	c1 3/4	34.22594	39,385.12	74,093.89	131,768.58
6	B03	c1 3/4	34.22594	32,444.30	83,661.10	148,782.90
6	B04	c1 3/4	34.22594	36,383.96	81,958.90	145,755.71
6	B05	c1 3/4	34.22594	34,962.70	84,309.27	149,935.61
6	B06	c1 3/4	34.22594	34,763.46	80,990.16	144,032.91
6	B07	c1 5/6	34.22594	38,114.34	76,631.62	136,281.68
6	B08	c1 5/6	34.22594	35,095.40	84,522.43	150,314.69
6	B09	c1 5/6	34.22594	29,799.38	77,439.96	137,719.22
6	B10	c1 5/6	34.22594	32,484.13	71,249.10	126,709.39
6	B11	c1 5/6	34.22594	-18,741.16	79,904.43	142,102.04
6	B12	c1 5/6	34.22594	30,349.43	63,728.03	113,333.94
6	C01	c3 3/4	34.22594	29,745.54	60,518.05	107,625.30
6	C02	c3 3/4	34.22594	56,694.70	69,608.79	123,792.28
6	C03	c3 3/4	34.22594	40,425.60	68,035.27	120,993.92
6	C04	c3 3/4	34.22594	41,625.92	73,039.33	129,893.14
6	C05	c3 3/4	34.22594	41,667.81	63,598.86	113,104.21
6	C06	c3 3/4	34.22594	41,864.10	69,523.23	123,640.12
6	C07	c3 5/6	34.22594	35,055.12	59,049.43	105,013.51
6	C08	c3 5/6	34.22594	35,975.10	55,339.97	98,416.60
6	C09	c3 5/6	34.22594	40,329.23	53,658.07	95,425.51
6	C10	c3 5/6	34.22594	31,823.80	55,660.05	98,985.83
6	C11	c3 5/6	34.22594	31,229.19	58,790.75	104,553.46
6	C12	c3 5/6	34.22594	32,376.91	56,935.49	101,254.08
6	D01	c2 3/4	34.22594	47,856.84	112,983.04	200,929.04
6	D02	c2 3/4	34.22594	68,254.07	167,132.25	297,228.00
6	D03	c2 3/4	34.22594	71,282.58	180,226.66	320,515.08
6	D04	c2 3/4	34.22594	75,537.26	164,756.55	293,003.06
6	D05	c2 3/4	34.22594	69,173.15	186,542.05	331,746.38
6	D06	c2 3/4	34.22594	92,189.89	195,023.99	346,830.66
6	D07	c2 5/6	34.22594	69,253.61	162,563.08	289,102.18
6	D08	c2 5/6	34.22594	62,466.38	178,074.31	316,687.36
6	D09	c2 5/6	34.22594	66,802.69	164,347.06	292,274.81
6	D10	c2 5/6	34.22594	78,419.31	163,264.58	290,349.72
6	D11	c2 5/6	34.22594	58,969.91	153,031.40	272,151.04
6	D12	c2 5/6	34.22594	66,207.40	136,748.29	243,193.16
6	E01	p11.II.1 3/4	34.22594	23,321.53	97,204.06	172,867.71
6	E02	p11.II.1 3/4	34.22594	34,956.60	132,732.95	236,052.28
6	E03	p11.II.1 3/4	34.22594	8,767.98	126,997.61	225,852.55
6	E04	p11.II.1 3/4	34.22594	55,785.75	265,915.35	472,903.86
6	E05	p11.II.1 3/4	34.22594	32,734.70	122,714.86	218,236.10
6	E06	p11.II.1 3/4	34.22594	35,727.56	133,812.67	237,972.45
6	E07	p11.II.1 5/6	34.22594	34,269.38	107,241.14	190,717.64
6	E08	p11.II.1 5/6	34.22594	24,617.80	112,626.09	200,294.23
6	E09	p11.II.1 5/6	34.22594	34,448.57	129,892.62	231,001.04
6	E10	p11.II.1 5/6	34.22594	28,930.93	109,764.62	195,205.41
6	E11	p11.II.1 5/6	34.22594	29,467.48	117,554.27	209,058.51
6	E12	p11.II.1 5/6	34.22594	21,739.47	93,458.93	166,207.37
6	F01	p4.I.2 3/4	34.22594	13,720.16	23,583.61	41,941.10
6	F02	p4.I.2 3/4	34.22594	27,974.64	40,624.92	72,247.37
6	F03	p4.I.2 3/4	34.22594	22,277.15	34,758.21	61,813.99
6	F04	p4.I.2 3/4	34.22594	22,086.61	43,924.39	78,115.14
6	F05	p4.I.2 3/4	34.22594	23,507.18	48,703.12	86,613.63
6	F06	p4.I.2 3/4	34.22594	29,549.61	25,545.71	45,430.50
6	F07	p4.I.2 5/6	34.22594	26,807.15	45,311.67	80,582.27
6	F08	p4.I.2 5/6	34.22594	25,149.85	42,072.74	74,822.16
6	F09	p4.I.2 5/6	34.22594	22,095.78	38,932.21	69,237.04
6	F10	p4.I.2 5/6	34.22594	18,794.57	34,394.28	61,166.80
6	F11	p4.I.2 5/6	34.22594	28,481.99	36,618.95	65,123.14
6	F12	p4.I.2 5/6	34.22594	13,624.87	22,943.02	40,801.86
6	G01	p4.II.2 3/4	34.22594	13,072.24	34,577.00	61,491.73
6	G02	p4.II.2 3/4	34.22594	35,639.78	45,155.23	80,304.06
6	G03	p4.II.2 3/4	34.22594	30,135.94	50,286.37	89,429.28
6	G04	p4.II.2 3/4	34.22594	27,981.53	56,296.22	100,117.20
6	G05	p4.II.2 3/4	34.22594	30,435.54	54,084.17	96,183.28
6	G06	p4.II.2 3/4	34.22594	25,042.51	47,564.90	84,589.41
6	G07	p4.II.2 5/6	34.22594	19,883.48	52,253.27	92,927.22
6	G08	p4.II.2 5/6	34.22594	14,224.01	43,189.34	76,807.92
6	G09	p4.II.2 5/6	34.22594	23,119.71	40,972.74	72,865.93
6	G10	p4.II.2 5/6	34.22594	28,017.06	44,035.21	78,312.22
6	G11	p4.II.2 5/6	34.22594	-360.39917	30,542.31	54,316.44
6	G12	p4.II.2 5/6	34.22594	18,653.25	23,457.58	41,716.96
6	H01	Background	34.22594	0	0	0
6	H02	Background	34.22594	0	0	0
6	H03	Background	34.22594	0	0	0
6	H04	Background	34.22594	0	0	0
6	H05	Background	34.22594	0	0	0
6	H06	Background	34.22594	0	0	0
6	H07	Background	34.22594	0	0	0
6	H08	Background	34.22594	0	0	0
6	H09	Background	34.22594	0	0	0
6	H10	Background	34.22594	0	0	0
6	H11	Background	34.22594	0	0	0
6	H12	Background	34.22594	0	0	0
7	A01	Background	40.79563	0	0	0
7	A02	Background	40.79563	0	0	0
7	A03	Background	40.79563	0	0	0
7	A04	Background	40.79563	0	0	0
7	A05	Background	40.79563	0	0	0
7	A06	Background	40.79563	0	0	0
7	A07	Background	40.79563	0	0	0
7	A08	Background	40.79563	0	0	0
7	A09	Background	40.79563	0	0	0
7	A10	Background	40.79563	0	0	0
7	A11	Background	40.79563	0	0	0
7	A12	Background	40.79563	0	0	0
7	B01	c1 3/4	40.79563	22,038.26	60,178.03	107,020.60
7	B02	c1 3/4	40.79563	38,612.57	75,626.64	134,494.42
7	B03	c1 3/4	40.79563	31,900.90	84,713.79	150,655.01
7	B04	c1 3/4	40.79563	35,750.77	85,653.15	152,325.57
7	B05	c1 3/4	40.79563	34,883.06	83,818.78	149,063.32
7	B06	c1 3/4	40.79563	34,460.54	81,213.95	144,430.89
7	B07	c1 5/6	40.79563	36,468.60	76,026.03	135,204.69
7	B08	c1 5/6	40.79563	33,100.58	85,129.89	151,394.99
7	B09	c1 5/6	40.79563	28,304.74	77,864.01	138,473.36
7	B10	c1 5/6	40.79563	30,616.85	71,544.66	127,235.02
7	B11	c1 5/6	40.79563	-17,696.50	80,598.64	143,336.62
7	B12	c1 5/6	40.79563	28,906.36	65,368.00	116,250.46
7	C01	c3 3/4	40.79563	29,850.86	57,477.88	102,218.67
7	C02	c3 3/4	40.79563	55,720.67	67,616.35	120,248.91
7	C03	c3 3/4	40.79563	39,029.25	66,488.11	118,242.46
7	C04	c3 3/4	40.79563	39,190.19	71,280.36	126,764.99
7	C05	c3 3/4	40.79563	41,582.67	62,212.51	110,638.73
7	C06	c3 3/4	40.79563	40,991.27	67,596.90	120,214.33
7	C07	c3 5/6	40.79563	33,964.88	59,013.92	104,950.36
7	C08	c3 5/6	40.79563	34,706.81	54,556.41	97,023.12
7	C09	c3 5/6	40.79563	38,291.47	52,797.90	93,895.79
7	C10	c3 5/6	40.79563	31,827.52	54,335.99	96,631.13
7	C11	c3 5/6	40.79563	31,626.67	58,135.43	103,388.05
7	C12	c3 5/6	40.79563	30,886.63	55,805.08	99,243.76
7	D01	c2 3/4	40.79563	45,688.31	109,687.30	195,067.89
7	D02	c2 3/4	40.79563	66,990.35	163,771.77	291,251.71
7	D03	c2 3/4	40.79563	67,885.97	177,635.99	315,907.84
7	D04	c2 3/4	40.79563	76,090.17	162,630.63	289,222.31
7	D05	c2 3/4	40.79563	69,881.17	183,771.54	326,819.30
7	D06	c2 3/4	40.79563	93,485.34	191,418.38	340,418.45
7	D07	c2 5/6	40.79563	66,991.01	160,427.78	285,304.76
7	D08	c2 5/6	40.79563	59,976.96	176,814.56	314,447.02
7	D09	c2 5/6	40.79563	65,196.07	164,053.54	291,752.82
7	D10	c2 5/6	40.79563	77,504.24	163,731.91	291,180.82
7	D11	c2 5/6	40.79563	58,495.53	152,441.00	271,101.08
7	D12	c2 5/6	40.79563	66,565.06	131,065.71	233,087.25
7	E01	p11.II.1 3/4	40.79563	21,730.31	100,252.03	178,288.21
7	E02	p11.II.1 3/4	40.79563	33,971.65	133,323.10	237,101.79
7	E03	p11.II.1 3/4	40.79563	8,352.78	129,157.02	229,692.84
7	E04	p11.II.1 3/4	40.79563	54,923.82	263,218.85	468,108.41
7	E05	p11.II.1 3/4	40.79563	33,031.94	125,630.56	223,421.40
7	E06	p11.II.1 3/4	40.79563	35,922.15	135,967.88	241,805.27
7	E07	p11.II.1 5/6	40.79563	31,526.42	110,727.96	196,918.60
7	E08	p11.II.1 5/6	40.79563	23,349.81	114,273.13	203,223.33
7	E09	p11.II.1 5/6	40.79563	34,076.45	133,125.34	236,750.10
7	E10	p11.II.1 5/6	40.79563	28,757.28	111,857.45	198,927.30
7	E11	p11.II.1 5/6	40.79563	29,352.48	121,318.61	215,753.02
7	E12	p11.II.1 5/6	40.79563	20,328.97	95,809.83	170,388.20
7	F01	p4.I.2 3/4	40.79563	12,771.40	20,975.80	37,303.36
7	F02	p4.I.2 3/4	40.79563	27,978.81	38,067.62	67,699.46
7	F03	p4.I.2 3/4	40.79563	23,299.12	33,968.32	60,409.25
7	F04	p4.I.2 3/4	40.79563	21,723.86	44,914.55	79,876.03
7	F05	p4.I.2 3/4	40.79563	24,730.91	47,706.74	84,841.66
7	F06	p4.I.2 3/4	40.79563	29,661.50	38,596.98	68,640.88
7	F07	p4.I.2 5/6	40.79563	27,107.32	46,212.96	82,185.12
7	F08	p4.I.2 5/6	40.79563	23,586.30	43,008.74	76,486.75
7	F09	p4.I.2 5/6	40.79563	19,288.39	42,679.70	75,901.59
7	F10	p4.I.2 5/6	40.79563	16,500.29	34,717.64	61,741.85
7	F11	p4.I.2 5/6	40.79563	31,930.88	37,538.42	66,758.33
7	F12	p4.I.2 5/6	40.79563	11,786.68	19,751.97	35,126.90
7	G01	p4.II.2 3/4	40.79563	11,829.95	33,979.62	60,429.36
7	G02	p4.II.2 3/4	40.79563	32,386.93	43,577.38	77,498.01
7	G03	p4.II.2 3/4	40.79563	26,847.24	48,226.48	85,765.97
7	G04	p4.II.2 3/4	40.79563	27,210.11	56,535.78	100,543.22
7	G05	p4.II.2 3/4	40.79563	31,318.54	53,070.19	94,380.02
7	G06	p4.II.2 3/4	40.79563	24,702.00	46,124.51	82,027.84
7	G07	p4.II.2 5/6	40.79563	18,135.08	50,132.43	89,155.52
7	G08	p4.II.2 5/6	40.79563	16,326.70	40,547.82	72,110.24
7	G09	p4.II.2 5/6	40.79563	21,207.83	50,426.89	89,679.19
7	G10	p4.II.2 5/6	40.79563	28,497.22	43,101.53	76,651.76
7	G11	p4.II.2 5/6	40.79563	-66.67031	28,537.50	50,751.09
7	G12	p4.II.2 5/6	40.79563	17,194.77	23,129.08	41,132.76
7	H01	Background	40.79563	0	0	0
7	H02	Background	40.79563	0	0	0
7	H03	Background	40.79563	0	0	0
7	H04	Background	40.79563	0	0	0
7	H05	Background	40.79563	0	0	0
7	H06	Background	40.79563	0	0	0
7	H07	Background	40.79563	0	0	0
7	H08	Background	40.79563	0	0	0
7	H09	Background	40.79563	0	0	0
7	H10	Background	40.79563	0	0	0
7	H11	Background	40.79563	0	0	0
7	H12	Background	40.79563	0	0	0
8	A01	Background	47.47998	0	0	0
8	A02	Background	47.47998	0	0	0
8	A03	Background	47.47998	0	0	0
8	A04	Background	47.47998	0	0	0
8	A05	Background	47.47998	0	0	0
8	A06	Background	47.47998	0	0	0
8	A07	Background	47.47998	0	0	0
8	A08	Background	47.47998	0	0	0
8	A09	Background	47.47998	0	0	0
8	A10	Background	47.47998	0	0	0
8	A11	Background	47.47998	0	0	0
8	A12	Background	47.47998	0	0	0
8	B01	c1 3/4	47.47998	137,540.62	66,861.89	118,907.19
8	B02	c1 3/4	47.47998	180,778.60	73,792.81	131,233.12
8	B03	c1 3/4	47.47998	179,158.56	85,317.57	151,728.76
8	B04	c1 3/4	47.47998	170,397.60	88,421.04	157,247.98
8	B05	c1 3/4	47.47998	210,208.03	89,671.18	159,471.22
8	B06	c1 3/4	47.47998	171,308.50	92,046.78	163,695.99
8	B07	c1 5/6	47.47998	182,005.30	83,902.23	149,211.72
8	B08	c1 5/6	47.47998	191,515.03	99,882.71	177,631.41
8	B09	c1 5/6	47.47998	157,313.20	85,896.10	152,757.63
8	B10	c1 5/6	47.47998	160,035.57	74,499.15	132,489.29
8	B11	c1 5/6	47.47998	154,538.00	89,588.67	159,324.50
8	B12	c1 5/6	47.47998	139,508.51	74,987.67	133,358.08
8	C01	c3 3/4	47.47998	137,972.39	60,249.95	107,148.52
8	C02	c3 3/4	47.47998	215,768.34	75,136.96	133,623.56
8	C03	c3 3/4	47.47998	193,777.96	72,712.82	129,312.49
8	C04	c3 3/4	47.47998	240,834.91	78,914.51	140,341.57
8	C05	c3 3/4	47.47998	218,525.55	65,185.75	115,926.35
8	C06	c3 3/4	47.47998	218,597.10	74,218.15	131,989.56
8	C07	c3 5/6	47.47998	261,317.49	69,497.20	123,593.83
8	C08	c3 5/6	47.47998	249,831.76	64,450.19	114,618.21
8	C09	c3 5/6	47.47998	256,225.90	59,197.89	105,277.52
8	C10	c3 5/6	47.47998	196,015.91	64,635.53	114,947.83
8	C11	c3 5/6	47.47998	149,723.72	63,043.59	112,116.72
8	C12	c3 5/6	47.47998	145,928.09	60,754.75	108,046.25
8	D01	c2 3/4	47.47998	224,644.22	114,764.09	204,096.45
8	D02	c2 3/4	47.47998	399,296.61	163,178.41	290,196.48
8	D03	c2 3/4	47.47998	364,996.19	191,704.76	340,927.75
8	D04	c2 3/4	47.47998	404,571.35	167,532.41	297,939.64
8	D05	c2 3/4	47.47998	388,778.90	190,502.85	338,790.27
8	D06	c2 3/4	47.47998	398,682.02	208,190.18	370,245.42
8	D07	c2 5/6	47.47998	458,189.11	179,512.92	319,245.77
8	D08	c2 5/6	47.47998	398,352.10	183,881.29	327,014.49
8	D09	c2 5/6	47.47998	373,451.94	173,637.70	308,797.29
8	D10	c2 5/6	47.47998	364,538.63	160,820.15	286,002.55
8	D11	c2 5/6	47.47998	320,213.43	170,258.50	302,787.72
8	D12	c2 5/6	47.47998	388,585.17	150,716.24	268,033.77
8	E01	p11.II.1 3/4	47.47998	83,810.78	90,242.92	160,488.02
8	E02	p11.II.1 3/4	47.47998	133,067.38	124,874.90	222,077.52
8	E03	p11.II.1 3/4	47.47998	105,681.55	113,433.33	201,729.83
8	E04	p11.II.1 3/4	47.47998	398,785.20	230,721.38	410,314.90
8	E05	p11.II.1 3/4	47.47998	136,280.04	105,704.02	187,984.03
8	E06	p11.II.1 3/4	47.47998	133,723.87	122,420.54	217,712.69
8	E07	p11.II.1 5/6	47.47998	158,819.88	109,372.55	194,508.14
8	E08	p11.II.1 5/6	47.47998	172,530.16	121,813.67	216,633.44
8	E09	p11.II.1 5/6	47.47998	141,328.18	128,084.99	227,786.34
8	E10	p11.II.1 5/6	47.47998	133,289.56	113,569.52	201,972.03
8	E11	p11.II.1 5/6	47.47998	145,291.49	114,822.53	204,200.38
8	E12	p11.II.1 5/6	47.47998	87,758.88	90,551.77	161,037.27
8	F01	p4.I.2 3/4	47.47998	52,094.69	22,881.54	40,692.53
8	F02	p4.I.2 3/4	47.47998	79,746.42	40,102.06	71,317.51
8	F03	p4.I.2 3/4	47.47998	96,396.53	18,162.98	32,301.03
8	F04	p4.I.2 3/4	47.47998	87,920.81	35,669.31	63,434.30
8	F05	p4.I.2 3/4	47.47998	74,446.12	45,629.11	81,146.81
8	F06	p4.I.2 3/4	47.47998	113,280.81	43,992.48	78,236.23
8	F07	p4.I.2 5/6	47.47998	79,281.62	31,495.85	56,012.22
8	F08	p4.I.2 5/6	47.47998	76,266.12	33,031.24	58,742.75
8	F09	p4.I.2 5/6	47.47998	92,837.72	34,981.02	62,210.25
8	F10	p4.I.2 5/6	47.47998	74,433.98	35,886.55	63,820.64
8	F11	p4.I.2 5/6	47.47998	66,689.33	36,380.50	64,699.08
8	F12	p4.I.2 5/6	47.47998	52,474.97	20,803.62	36,997.16
8	G01	p4.II.2 3/4	47.47998	44,975.37	30,285.58	53,859.87
8	G02	p4.II.2 3/4	47.47998	83,762.52	46,533.59	82,755.33
8	G03	p4.II.2 3/4	47.47998	69,710.13	46,672.21	83,001.86
8	G04	p4.II.2 3/4	47.47998	76,169.59	58,351.56	103,772.41
8	G05	p4.II.2 3/4	47.47998	68,570.16	51,932.88	92,357.44
8	G06	p4.II.2 3/4	47.47998	58,610.71	45,129.20	80,257.76
8	G07	p4.II.2 5/6	47.47998	70,481.82	48,901.55	86,966.51
8	G08	p4.II.2 5/6	47.47998	56,298.76	41,182.14	73,238.32
8	G09	p4.II.2 5/6	47.47998	65,688.45	53,133.21	94,492.10
8	G10	p4.II.2 5/6	47.47998	77,461.27	42,281.09	75,192.70
8	G11	p4.II.2 5/6	47.47998	32,885.26	29,325.43	52,152.35
8	G12	p4.II.2 5/6	47.47998	52,290.92	23,686.64	42,124.31
8	H01	Background	47.47998	0	0	0
8	H02	Background	47.47998	0	0	0
8	H03	Background	47.47998	0	0	0
8	H04	Background	47.47998	0	0	0
8	H05	Background	47.47998	0	0	0
8	H06	Background	47.47998	0	0	0
8	H07	Background	47.47998	0	0	0
8	H08	Background	47.47998	0	0	0
8	H09	Background	47.47998	0	0	0
8	H10	Background	47.47998	0	0	0
8	H11	Background	47.47998	0	0	0
8	H12	Background	47.47998	0	0	0
9	A01	Background	54.06371	0	0	0
9	A02	Background	54.06371	0	0	0
9	A03	Background	54.06371	0	0	0
9	A04	Background	54.06371	0	0	0
9	A05	Background	54.06371	0	0	0
9	A06	Background	54.06371	0	0	0
9	A07	Background	54.06371	0	0	0
9	A08	Background	54.06371	0	0	0
9	A09	Background	54.06371	0	0	0
9	A10	Background	54.06371	0	0	0
9	A11	Background	54.06371	0	0	0
9	A12	Background	54.06371	0	0	0
9	B01	c1 3/4	54.06371	142,454.59	71,960.05	127,973.75
9	B02	c1 3/4	54.06371	189,052.25	89,547.58	159,251.42
9	B03	c1 3/4	54.06371	188,830.32	95,851.63	170,462.53
9	B04	c1 3/4	54.06371	183,011.67	94,764.00	168,528.30
9	B05	c1 3/4	54.06371	210,059.83	101,350.70	180,242.09
9	B06	c1 3/4	54.06371	174,335.80	98,768.16	175,649.30
9	B07	c1 5/6	54.06371	186,254.90	93,132.63	165,627.07
9	B08	c1 5/6	54.06371	185,883.69	103,996.23	184,946.90
9	B09	c1 5/6	54.06371	164,959.35	91,964.74	163,550.09
9	B10	c1 5/6	54.06371	165,073.16	84,192.83	149,728.53
9	B11	c1 5/6	54.06371	160,453.14	98,998.80	176,059.47
9	B12	c1 5/6	54.06371	142,941.47	81,278.09	144,544.95
9	C01	c3 3/4	54.06371	155,814.82	68,046.59	121,014.06
9	C02	c3 3/4	54.06371	211,529.24	81,855.58	145,571.96
9	C03	c3 3/4	54.06371	202,556.67	77,503.56	137,832.34
9	C04	c3 3/4	54.06371	243,734.85	86,462.35	153,764.65
9	C05	c3 3/4	54.06371	216,241.92	78,025.71	138,760.93
9	C06	c3 3/4	54.06371	218,328.16	81,999.88	145,828.58
9	C07	c3 5/6	54.06371	253,896.68	76,265.84	135,631.17
9	C08	c3 5/6	54.06371	244,147.38	69,670.73	123,902.43
9	C09	c3 5/6	54.06371	250,186.77	68,147.04	121,192.69
9	C10	c3 5/6	54.06371	191,156.50	67,570.50	120,167.37
9	C11	c3 5/6	54.06371	168,237.58	69,990.06	124,470.32
9	C12	c3 5/6	54.06371	163,328.41	68,180.49	121,252.19
9	D01	c2 3/4	54.06371	239,653.19	125,205.03	222,664.63
9	D02	c2 3/4	54.06371	412,099.72	182,051.11	323,759.69
9	D03	c2 3/4	54.06371	343,801.87	191,585.80	340,716.18
9	D04	c2 3/4	54.06371	406,649.16	178,399.12	317,265.00
9	D05	c2 3/4	54.06371	401,837.68	198,071.95	352,251.15
9	D06	c2 3/4	54.06371	398,328.78	211,905.44	376,852.64
9	D07	c2 5/6	54.06371	454,300.85	189,410.18	336,847.07
9	D08	c2 5/6	54.06371	412,822.57	200,723.62	356,966.88
9	D09	c2 5/6	54.06371	377,548.24	183,493.83	326,325.44
9	D10	c2 5/6	54.06371	378,557.77	180,348.11	320,731.08
9	D11	c2 5/6	54.06371	330,587.91	180,351.95	320,737.91
9	D12	c2 5/6	54.06371	385,272.20	168,460.97	299,591.00
9	E01	p11.II.1 3/4	54.06371	97,900.34	100,072.69	177,969.27
9	E02	p11.II.1 3/4	54.06371	144,841.78	139,558.58	248,190.99
9	E03	p11.II.1 3/4	54.06371	123,343.94	129,054.93	229,511.28
9	E04	p11.II.1 3/4	54.06371	396,194.29	241,603.46	429,667.59
9	E05	p11.II.1 3/4	54.06371	157,163.90	122,136.68	217,207.87
9	E06	p11.II.1 3/4	54.06371	152,138.58	133,652.16	237,687.00
9	E07	p11.II.1 5/6	54.06371	171,187.19	121,150.08	215,453.29
9	E08	p11.II.1 5/6	54.06371	181,573.40	129,160.88	229,699.70
9	E09	p11.II.1 5/6	54.06371	160,457.66	138,239.38	245,844.92
9	E10	p11.II.1 5/6	54.06371	145,144.60	122,231.51	217,376.51
9	E11	p11.II.1 5/6	54.06371	154,983.90	130,347.00	231,809.11
9	E12	p11.II.1 5/6	54.06371	100,883.52	99,771.08	177,432.88
9	F01	p4.I.2 3/4	54.06371	61,894.11	26,221.35	46,632.04
9	F02	p4.I.2 3/4	54.06371	83,916.16	45,627.91	81,144.68
9	F03	p4.I.2 3/4	54.06371	99,061.02	30,842.72	54,850.68
9	F04	p4.I.2 3/4	54.06371	98,029.98	46,762.98	83,163.29
9	F05	p4.I.2 3/4	54.06371	83,405.13	49,781.85	88,532.04
9	F06	p4.I.2 3/4	54.06371	117,027.39	52,126.71	92,702.14
9	F07	p4.I.2 5/6	54.06371	89,374.30	44,486.70	79,115.15
9	F08	p4.I.2 5/6	54.06371	85,956.93	44,174.41	78,559.77
9	F09	p4.I.2 5/6	54.06371	100,636.95	45,405.01	80,748.27
9	F10	p4.I.2 5/6	54.06371	81,969.10	42,355.39	75,324.83
9	F11	p4.I.2 5/6	54.06371	80,012.35	41,968.29	74,636.41
9	F12	p4.I.2 5/6	54.06371	67,649.02	27,664.85	49,199.16
9	G01	p4.II.2 3/4	54.06371	48,360.72	38,234.18	67,995.67
9	G02	p4.II.2 3/4	54.06371	87,986.48	50,292.99	89,441.05
9	G03	p4.II.2 3/4	54.06371	77,349.41	54,657.30	97,202.55
9	G04	p4.II.2 3/4	54.06371	87,077.12	61,541.53	109,445.47
9	G05	p4.II.2 3/4	54.06371	79,273.30	54,653.69	97,196.13
9	G06	p4.II.2 3/4	54.06371	66,611.06	50,369.06	89,576.34
9	G07	p4.II.2 5/6	54.06371	75,837.32	54,808.52	97,471.47
9	G08	p4.II.2 5/6	54.06371	61,500.30	47,859.18	85,112.77
9	G09	p4.II.2 5/6	54.06371	76,882.72	61,576.75	109,508.08
9	G10	p4.II.2 5/6	54.06371	85,417.06	46,620.85	82,910.52
9	G11	p4.II.2 5/6	54.06371	43,074.47	32,301.71	57,445.36
9	G12	p4.II.2 5/6	54.06371	59,195.70	25,612.78	45,549.76
9	H01	Background	54.06371	0	0	0
9	H02	Background	54.06371	0	0	0
9	H03	Background	54.06371	0	0	0
9	H04	Background	54.06371	0	0	0
9	H05	Background	54.06371	0	0	0
9	H06	Background	54.06371	0	0	0
9	H07	Background	54.06371	0	0	0
9	H08	Background	54.06371	0	0	0
9	H09	Background	54.06371	0	0	0
9	H10	Background	54.06371	0	0	0
9	H11	Background	54.06371	0	0	0
9	H12	Background	54.06371	0	0	0
10	A01	Background	60.65603	0	0	0
10	A02	Background	60.65603	0	0	0
10	A03	Background	60.65603	0	0	0
10	A04	Background	60.65603	0	0	0
10	A05	Background	60.65603	0	0	0
10	A06	Background	60.65603	0	0	0
10	A07	Background	60.65603	0	0	0
10	A08	Background	60.65603	0	0	0
10	A09	Background	60.65603	0	0	0
10	A10	Background	60.65603	0	0	0
10	A11	Background	60.65603	0	0	0
10	A12	Background	60.65603	0	0	0
10	B01	c1 3/4	60.65603	148,350.92	77,040.78	137,009.33
10	B02	c1 3/4	60.65603	196,712.68	96,718.62	172,004.39
10	B03	c1 3/4	60.65603	195,574.17	103,262.04	183,641.21
10	B04	c1 3/4	60.65603	191,613.92	100,832.68	179,320.84
10	B05	c1 3/4	60.65603	218,508.76	107,015.27	190,315.96
10	B06	c1 3/4	60.65603	181,645.18	101,986.38	181,372.58
10	B07	c1 5/6	60.65603	187,968.34	97,789.06	173,908.07
10	B08	c1 5/6	60.65603	188,176.67	107,218.90	190,678.10
10	B09	c1 5/6	60.65603	167,744.56	94,485.76	168,033.47
10	B10	c1 5/6	60.65603	172,880.21	88,867.91	158,042.69
10	B11	c1 5/6	60.65603	163,975.00	106,087.73	188,666.41
10	B12	c1 5/6	60.65603	148,524.15	85,231.45	151,575.61
10	C01	c3 3/4	60.65603	175,471.48	72,621.58	129,150.22
10	C02	c3 3/4	60.65603	222,958.28	87,323.79	155,296.63
10	C03	c3 3/4	60.65603	216,946.09	82,320.46	146,398.70
10	C04	c3 3/4	60.65603	256,344.76	92,087.29	163,768.04
10	C05	c3 3/4	60.65603	228,502.27	85,358.42	151,801.41
10	C06	c3 3/4	60.65603	228,822.18	87,286.86	155,230.95
10	C07	c3 5/6	60.65603	260,805.67	79,661.89	141,670.70
10	C08	c3 5/6	60.65603	251,337.63	72,869.00	129,590.23
10	C09	c3 5/6	60.65603	255,888.85	71,345.19	126,880.29
10	C10	c3 5/6	60.65603	200,998.86	71,465.35	127,093.97
10	C11	c3 5/6	60.65603	186,904.82	75,231.30	133,791.34
10	C12	c3 5/6	60.65603	176,660.94	72,166.23	128,340.43
10	D01	c2 3/4	60.65603	257,132.34	135,439.90	240,866.32
10	D02	c2 3/4	60.65603	422,468.52	190,915.04	339,523.31
10	D03	c2 3/4	60.65603	365,798.36	196,033.03	348,625.15
10	D04	c2 3/4	60.65603	428,315.73	187,980.69	334,304.86
10	D05	c2 3/4	60.65603	418,495.22	205,348.55	365,191.86
10	D06	c2 3/4	60.65603	413,219.49	219,755.56	390,813.29
10	D07	c2 5/6	60.65603	450,834.02	190,489.59	338,766.69
10	D08	c2 5/6	60.65603	415,743.42	204,766.78	364,157.24
10	D09	c2 5/6	60.65603	378,353.50	187,565.94	333,567.27
10	D10	c2 5/6	60.65603	391,426.53	191,980.26	341,417.70
10	D11	c2 5/6	60.65603	346,432.78	189,976.17	337,853.62
10	D12	c2 5/6	60.65603	401,699.06	172,507.47	306,787.28
10	E01	p11.II.1 3/4	60.65603	105,153.56	107,646.99	191,439.41
10	E02	p11.II.1 3/4	60.65603	154,844.56	144,060.13	256,196.53
10	E03	p11.II.1 3/4	60.65603	126,986.36	134,336.14	238,903.39
10	E04	p11.II.1 3/4	60.65603	386,556.39	241,760.84	429,947.48
10	E05	p11.II.1 3/4	60.65603	164,778.64	131,496.61	233,853.58
10	E06	p11.II.1 3/4	60.65603	160,453.41	141,240.47	251,182.05
10	E07	p11.II.1 5/6	60.65603	176,516.09	127,404.28	226,575.77
10	E08	p11.II.1 5/6	60.65603	186,590.30	133,220.31	236,919.00
10	E09	p11.II.1 5/6	60.65603	166,547.04	144,006.12	256,100.48
10	E10	p11.II.1 5/6	60.65603	153,289.93	127,955.49	227,556.05
10	E11	p11.II.1 5/6	60.65603	160,780.17	136,464.33	242,688.17
10	E12	p11.II.1 5/6	60.65603	110,839.45	109,394.62	194,547.40
10	F01	p4.I.2 3/4	60.65603	66,838.02	27,691.96	49,247.38
10	F02	p4.I.2 3/4	60.65603	88,600.44	48,824.93	86,830.26
10	F03	p4.I.2 3/4	60.65603	102,304.05	39,531.81	70,303.37
10	F04	p4.I.2 3/4	60.65603	105,859.17	52,329.57	93,062.90
10	F05	p4.I.2 3/4	60.65603	92,166.02	53,381.18	94,933.09
10	F06	p4.I.2 3/4	60.65603	126,149.86	55,881.77	99,380.14
10	F07	p4.I.2 5/6	60.65603	96,968.93	50,663.42	90,099.83
10	F08	p4.I.2 5/6	60.65603	90,077.89	48,576.96	86,389.26
10	F09	p4.I.2 5/6	60.65603	106,050.95	49,772.48	88,515.37
10	F10	p4.I.2 5/6	60.65603	89,330.36	46,879.15	83,369.87
10	F11	p4.I.2 5/6	60.65603	83,418.85	45,470.49	80,864.73
10	F12	p4.I.2 5/6	60.65603	77,631.98	31,956.00	56,830.56
10	G01	p4.II.2 3/4	60.65603	52,729.62	41,448.42	73,711.87
10	G02	p4.II.2 3/4	60.65603	93,412.09	52,335.06	93,072.67
10	G03	p4.II.2 3/4	60.65603	82,351.83	57,993.53	103,135.70
10	G04	p4.II.2 3/4	60.65603	95,904.97	65,685.96	116,815.92
10	G05	p4.II.2 3/4	60.65603	87,687.31	58,504.78	104,044.90
10	G06	p4.II.2 3/4	60.65603	74,308.67	53,701.78	95,503.25
10	G07	p4.II.2 5/6	60.65603	81,992.21	58,790.11	104,552.33
10	G08	p4.II.2 5/6	60.65603	69,150.56	52,960.08	94,184.21
10	G09	p4.II.2 5/6	60.65603	82,099.70	67,863.30	120,688.10
10	G10	p4.II.2 5/6	60.65603	88,040.64	49,881.83	88,709.86
10	G11	p4.II.2 5/6	60.65603	47,932.71	35,580.79	63,276.87
10	G12	p4.II.2 5/6	60.65603	63,836.49	30,207.97	53,721.86
10	H01	Background	60.65603	0	0	0
10	H02	Background	60.65603	0	0	0
10	H03	Background	60.65603	0	0	0
10	H04	Background	60.65603	0	0	0
10	H05	Background	60.65603	0	0	0
10	H06	Background	60.65603	0	0	0
10	H07	Background	60.65603	0	0	0
10	H08	Background	60.65603	0	0	0
10	H09	Background	60.65603	0	0	0
10	H10	Background	60.65603	0	0	0
10	H11	Background	60.65603	0	0	0
10	H12	Background	60.65603	0	0	0
11	A01	Background	67.32374	0	0	0
11	A02	Background	67.32374	0	0	0
11	A03	Background	67.32374	0	0	0
11	A04	Background	67.32374	0	0	0
11	A05	Background	67.32374	0	0	0
11	A06	Background	67.32374	0	0	0
11	A07	Background	67.32374	0	0	0
11	A08	Background	67.32374	0	0	0
11	A09	Background	67.32374	0	0	0
11	A10	Background	67.32374	0	0	0
11	A11	Background	67.32374	0	0	0
11	A12	Background	67.32374	0	0	0
11	B01	c1 3/4	67.32374	143,715.26	84,550.11	150,363.92
11	B02	c1 3/4	67.32374	206,631.09	107,300.68	190,823.54
11	B03	c1 3/4	67.32374	202,546.90	117,337.83	208,673.60
11	B04	c1 3/4	67.32374	199,485.91	113,783.04	202,351.75
11	B05	c1 3/4	67.32374	215,577.09	115,515.58	205,432.90
11	B06	c1 3/4	67.32374	193,835.74	113,024.57	201,002.90
11	B07	c1 5/6	67.32374	193,128.43	104,244.68	185,388.73
11	B08	c1 5/6	67.32374	191,724.05	115,039.25	204,585.81
11	B09	c1 5/6	67.32374	179,595.69	105,720.41	188,013.18
11	B10	c1 5/6	67.32374	182,485.55	92,507.31	164,515.00
11	B11	c1 5/6	67.32374	164,336.36	111,583.93	198,440.86
11	B12	c1 5/6	67.32374	153,979.40	91,566.70	162,842.23
11	C01	c3 3/4	67.32374	201,345.25	77,806.27	138,370.67
11	C02	c3 3/4	67.32374	267,709.66	100,656.32	179,007.20
11	C03	c3 3/4	67.32374	256,032.80	92,827.40	165,084.24
11	C04	c3 3/4	67.32374	277,673.37	102,122.53	181,614.71
11	C05	c3 3/4	67.32374	265,144.22	89,351.51	158,902.73
11	C06	c3 3/4	67.32374	267,406.03	94,109.74	167,364.76
11	C07	c3 5/6	67.32374	269,246.22	87,311.50	155,274.78
11	C08	c3 5/6	67.32374	272,988.62	79,283.01	140,996.90
11	C09	c3 5/6	67.32374	274,115.93	80,664.34	143,453.46
11	C10	c3 5/6	67.32374	227,846.24	77,368.00	137,591.25
11	C11	c3 5/6	67.32374	213,152.80	81,083.51	144,198.91
11	C12	c3 5/6	67.32374	201,426.74	77,418.03	137,680.23
11	D01	c2 3/4	67.32374	282,960.04	143,106.32	254,500.28
11	D02	c2 3/4	67.32374	456,686.19	206,216.39	366,735.22
11	D03	c2 3/4	67.32374	433,772.30	216,570.71	385,149.35
11	D04	c2 3/4	67.32374	462,377.80	205,351.19	365,196.56
11	D05	c2 3/4	67.32374	478,829.17	225,842.58	401,638.45
11	D06	c2 3/4	67.32374	462,865.73	240,007.53	426,829.40
11	D07	c2 5/6	67.32374	472,279.77	218,532.96	388,639.02
11	D08	c2 5/6	67.32374	441,530.69	239,539.64	425,997.30
11	D09	c2 5/6	67.32374	419,913.36	216,896.77	385,729.21
11	D10	c2 5/6	67.32374	440,261.10	201,641.05	358,598.44
11	D11	c2 5/6	67.32374	368,890.90	203,507.39	361,917.54
11	D12	c2 5/6	67.32374	418,030.02	180,372.19	320,773.91
11	E01	p11.II.1 3/4	67.32374	113,498.78	114,791.59	204,145.37
11	E02	p11.II.1 3/4	67.32374	167,980.73	154,475.61	274,719.43
11	E03	p11.II.1 3/4	67.32374	147,845.39	141,639.94	251,892.46
11	E04	p11.II.1 3/4	67.32374	371,570.72	258,151.85	459,097.25
11	E05	p11.II.1 3/4	67.32374	180,347.69	140,523.72	249,907.38
11	E06	p11.II.1 3/4	67.32374	176,938.34	148,434.69	263,976.24
11	E07	p11.II.1 5/6	67.32374	186,122.99	139,630.19	248,318.33
11	E08	p11.II.1 5/6	67.32374	195,145.74	149,786.82	266,380.88
11	E09	p11.II.1 5/6	67.32374	179,526.83	161,881.40	287,889.89
11	E10	p11.II.1 5/6	67.32374	166,162.07	139,035.59	247,260.90
11	E11	p11.II.1 5/6	67.32374	176,625.96	139,619.43	248,299.19
11	E12	p11.II.1 5/6	67.32374	115,961.52	110,378.77	196,297.61
11	F01	p4.I.2 3/4	67.32374	76,773.25	28,905.18	51,404.97
11	F02	p4.I.2 3/4	67.32374	101,931.09	47,489.18	84,454.76
11	F03	p4.I.2 3/4	67.32374	107,321.24	41,590.93	73,965.31
11	F04	p4.I.2 3/4	67.32374	117,672.49	48,629.28	86,482.31
11	F05	p4.I.2 3/4	67.32374	104,645.30	54,205.89	96,399.76
11	F06	p4.I.2 3/4	67.32374	143,100.48	53,519.25	95,178.64
11	F07	p4.I.2 5/6	67.32374	103,509.37	49,298.70	87,672.81
11	F08	p4.I.2 5/6	67.32374	96,749.37	46,133.88	82,044.49
11	F09	p4.I.2 5/6	67.32374	113,844.00	41,355.72	73,547.01
11	F10	p4.I.2 5/6	67.32374	98,421.65	45,885.52	81,602.81
11	F11	p4.I.2 5/6	67.32374	94,716.12	43,251.72	76,918.87
11	F12	p4.I.2 5/6	67.32374	84,048.23	29,286.02	52,082.25
11	G01	p4.II.2 3/4	67.32374	57,329.41	41,482.75	73,772.92
11	G02	p4.II.2 3/4	67.32374	103,535.68	53,525.74	95,190.17
11	G03	p4.II.2 3/4	67.32374	92,597.60	54,025.48	96,078.91
11	G04	p4.II.2 3/4	67.32374	109,529.66	65,601.82	116,666.27
11	G05	p4.II.2 3/4	67.32374	94,586.59	58,386.91	103,835.28
11	G06	p4.II.2 3/4	67.32374	78,154.95	50,426.18	89,677.93
11	G07	p4.II.2 5/6	67.32374	90,050.17	59,725.46	106,215.75
11	G08	p4.II.2 5/6	67.32374	74,589.12	48,349.49	85,984.74
11	G09	p4.II.2 5/6	67.32374	88,945.10	62,292.85	110,781.60
11	G10	p4.II.2 5/6	67.32374	93,263.82	48,816.04	86,814.44
11	G11	p4.II.2 5/6	67.32374	50,530.68	32,123.81	57,128.98
11	G12	p4.II.2 5/6	67.32374	65,130.17	28,449.22	50,594.09
11	H01	Background	67.32374	0	0	0
11	H02	Background	67.32374	0	0	0
11	H03	Background	67.32374	0	0	0
11	H04	Background	67.32374	0	0	0
11	H05	Background	67.32374	0	0	0
11	H06	Background	67.32374	0	0	0
11	H07	Background	67.32374	0	0	0
11	H08	Background	67.32374	0	0	0
11	H09	Background	67.32374	0	0	0
11	H10	Background	67.32374	0	0	0
11	H11	Background	67.32374	0	0	0
11	H12	Background	67.32374	0	0	0
12	A01	Background	73.88875	0	0	0
12	A02	Background	73.88875	0	0	0
12	A03	Background	73.88875	0	0	0
12	A04	Background	73.88875	0	0	0
12	A05	Background	73.88875	0	0	0
12	A06	Background	73.88875	0	0	0
12	A07	Background	73.88875	0	0	0
12	A08	Background	73.88875	0	0	0
12	A09	Background	73.88875	0	0	0
12	A10	Background	73.88875	0	0	0
12	A11	Background	73.88875	0	0	0
12	A12	Background	73.88875	0	0	0
12	B01	c1 3/4	73.88875	143,790.47	85,472.66	152,004.58
12	B02	c1 3/4	73.88875	206,392.48	109,323.22	194,420.41
12	B03	c1 3/4	73.88875	201,340.97	116,941.82	207,969.34
12	B04	c1 3/4	73.88875	197,769.59	113,276.09	201,450.19
12	B05	c1 3/4	73.88875	214,926.38	116,717.22	207,569.91
12	B06	c1 3/4	73.88875	194,472.80	113,206.85	201,327.06
12	B07	c1 5/6	73.88875	193,758.89	106,797.04	189,927.85
12	B08	c1 5/6	73.88875	188,664.54	115,624.11	205,625.91
12	B09	c1 5/6	73.88875	178,710.31	108,399.82	192,778.24
12	B10	c1 5/6	73.88875	183,478.53	97,651.66	173,663.71
12	B11	c1 5/6	73.88875	170,614.55	113,302.32	201,496.84
12	B12	c1 5/6	73.88875	156,964.20	94,835.98	168,656.31
12	C01	c3 3/4	73.88875	213,027.55	79,266.62	140,967.76
12	C02	c3 3/4	73.88875	269,837.69	98,841.87	175,780.39
12	C03	c3 3/4	73.88875	261,630.26	92,186.79	163,944.99
12	C04	c3 3/4	73.88875	284,199.98	100,332.62	178,431.54
12	C05	c3 3/4	73.88875	269,704.70	92,704.41	164,865.52
12	C06	c3 3/4	73.88875	270,007.07	95,039.68	169,018.57
12	C07	c3 5/6	73.88875	266,310.64	87,733.21	156,024.74
12	C08	c3 5/6	73.88875	274,337.08	80,318.68	142,838.74
12	C09	c3 5/6	73.88875	272,302.42	80,466.59	143,101.78
12	C10	c3 5/6	73.88875	228,511.88	78,610.66	139,801.20
12	C11	c3 5/6	73.88875	218,587.07	82,903.12	147,434.92
12	C12	c3 5/6	73.88875	210,868.40	79,710.79	141,757.67
12	D01	c2 3/4	73.88875	285,788.65	144,563.48	257,091.69
12	D02	c2 3/4	73.88875	456,331.39	206,358.06	366,987.17
12	D03	c2 3/4	73.88875	436,897.32	215,002.47	382,360.38
12	D04	c2 3/4	73.88875	459,924.08	205,013.07	364,595.25
12	D05	c2 3/4	73.88875	482,692.65	223,542.84	397,548.59
12	D06	c2 3/4	73.88875	465,275.98	239,537.26	425,993.06
12	D07	c2 5/6	73.88875	468,997.11	211,262.69	375,709.57
12	D08	c2 5/6	73.88875	440,699.83	235,827.12	419,394.95
12	D09	c2 5/6	73.88875	417,984.41	210,722.43	374,748.76
12	D10	c2 5/6	73.88875	437,032.32	204,507.88	363,696.82
12	D11	c2 5/6	73.88875	369,647.73	203,068.99	361,137.89
12	D12	c2 5/6	73.88875	420,864.18	183,356.53	326,081.25
12	E01	p11.II.1 3/4	73.88875	117,898.86	116,313.74	206,852.35
12	E02	p11.II.1 3/4	73.88875	171,297.93	153,684.36	273,312.27
12	E03	p11.II.1 3/4	73.88875	150,037.03	142,039.45	252,602.95
12	E04	p11.II.1 3/4	73.88875	360,524.62	255,689.28	454,717.82
12	E05	p11.II.1 3/4	73.88875	180,570.67	142,385.82	253,218.95
12	E06	p11.II.1 3/4	73.88875	179,213.28	149,880.61	266,547.68
12	E07	p11.II.1 5/6	73.88875	186,138.65	139,353.38	247,826.05
12	E08	p11.II.1 5/6	73.88875	193,418.56	147,865.83	262,964.60
12	E09	p11.II.1 5/6	73.88875	181,358.85	159,095.45	282,935.35
12	E10	p11.II.1 5/6	73.88875	168,298.15	137,433.23	244,411.25
12	E11	p11.II.1 5/6	73.88875	180,170.16	141,819.12	252,211.12
12	E12	p11.II.1 5/6	73.88875	120,721.00	110,058.74	195,728.46
12	F01	p4.I.2 3/4	73.88875	79,865.78	30,132.35	53,587.37
12	F02	p4.I.2 3/4	73.88875	106,923.54	49,212.90	87,520.22
12	F03	p4.I.2 3/4	73.88875	112,457.37	43,876.58	78,030.11
12	F04	p4.I.2 3/4	73.88875	122,770.61	51,790.53	92,104.28
12	F05	p4.I.2 3/4	73.88875	110,140.79	55,545.26	98,781.69
12	F06	p4.I.2 3/4	73.88875	147,872.57	58,932.97	104,806.39
12	F07	p4.I.2 5/6	73.88875	111,551.00	53,201.93	94,614.31
12	F08	p4.I.2 5/6	73.88875	103,427.37	48,536.42	86,317.17
12	F09	p4.I.2 5/6	73.88875	122,338.70	48,145.26	85,621.53
12	F10	p4.I.2 5/6	73.88875	103,960.94	47,611.85	84,672.92
12	F11	p4.I.2 5/6	73.88875	103,183.89	45,451.12	80,830.27
12	F12	p4.I.2 5/6	73.88875	92,066.79	32,472.12	57,748.42
12	G01	p4.II.2 3/4	73.88875	62,955.17	44,896.87	79,844.59
12	G02	p4.II.2 3/4	73.88875	110,928.60	54,046.94	96,117.07
12	G03	p4.II.2 3/4	73.88875	98,938.41	59,609.45	106,009.45
12	G04	p4.II.2 3/4	73.88875	116,642.87	67,355.27	119,784.61
12	G05	p4.II.2 3/4	73.88875	101,127.30	59,727.89	106,220.08
12	G06	p4.II.2 3/4	73.88875	85,582.33	53,053.23	94,349.87
12	G07	p4.II.2 5/6	73.88875	96,762.25	61,613.37	109,573.22
12	G08	p4.II.2 5/6	73.88875	80,960.42	51,951.44	92,390.44
12	G09	p4.II.2 5/6	73.88875	95,627.10	65,709.29	116,857.40
12	G10	p4.II.2 5/6	73.88875	100,269.80	50,478.42	89,770.83
12	G11	p4.II.2 5/6	73.88875	60,571.63	34,562.42	61,465.81
12	G12	p4.II.2 5/6	73.88875	70,211.61	29,698.41	52,815.66
12	H01	Background	73.88875	0	0	0
12	H02	Background	73.88875	0	0	0
12	H03	Background	73.88875	0	0	0
12	H04	Background	73.88875	0	0	0
12	H05	Background	73.88875	0	0	0
12	H06	Background	73.88875	0	0	0
12	H07	Background	73.88875	0	0	0
12	H08	Background	73.88875	0	0	0
12	H09	Background	73.88875	0	0	0
12	H10	Background	73.88875	0	0	0
12	H11	Background	73.88875	0	0	0
12	H12	Background	73.88875	0	0	0
13	A01	Background	80.48106	0	0	0
13	A02	Background	80.48106	0	0	0
13	A03	Background	80.48106	0	0	0
13	A04	Background	80.48106	0	0	0
13	A05	Background	80.48106	0	0	0
13	A06	Background	80.48106	0	0	0
13	A07	Background	80.48106	0	0	0
13	A08	Background	80.48106	0	0	0
13	A09	Background	80.48106	0	0	0
13	A10	Background	80.48106	0	0	0
13	A11	Background	80.48106	0	0	0
13	A12	Background	80.48106	0	0	0
13	B01	c1 3/4	80.48106	141,383.56	86,307.52	153,489.29
13	B02	c1 3/4	80.48106	204,126.65	110,113.82	195,826.42
13	B03	c1 3/4	80.48106	199,291.71	117,370.71	208,732.08
13	B04	c1 3/4	80.48106	195,832.38	113,687.34	202,181.56
13	B05	c1 3/4	80.48106	213,917.44	118,129.05	210,080.70
13	B06	c1 3/4	80.48106	193,364.04	113,539.08	201,917.91
13	B07	c1 5/6	80.48106	193,278.47	109,165.99	194,140.79
13	B08	c1 5/6	80.48106	185,929.98	117,526.10	209,008.41
13	B09	c1 5/6	80.48106	178,274.62	108,810.52	193,508.64
13	B10	c1 5/6	80.48106	182,903.00	98,138.05	174,528.70
13	B11	c1 5/6	80.48106	171,297.05	116,165.53	206,588.77
13	B12	c1 5/6	80.48106	159,512.54	98,383.55	174,965.30
13	C01	c3 3/4	80.48106	215,818.09	79,959.58	142,200.11
13	C02	c3 3/4	80.48106	270,189.12	98,946.27	175,966.04
13	C03	c3 3/4	80.48106	267,688.56	92,733.32	164,916.94
13	C04	c3 3/4	80.48106	290,111.33	101,067.15	179,737.82
13	C05	c3 3/4	80.48106	277,426.55	96,031.70	170,782.77
13	C06	c3 3/4	80.48106	272,977.98	96,239.11	171,151.64
13	C07	c3 5/6	80.48106	264,339.27	88,085.14	156,650.61
13	C08	c3 5/6	80.48106	274,369.85	80,830.73	143,749.37
13	C09	c3 5/6	80.48106	269,322.23	82,104.09	146,013.92
13	C10	c3 5/6	80.48106	230,517.61	78,771.81	140,087.79
13	C11	c3 5/6	80.48106	222,727.14	83,960.26	149,314.92
13	C12	c3 5/6	80.48106	218,402.66	81,968.32	145,772.45
13	D01	c2 3/4	80.48106	288,051.78	144,676.29	257,292.31
13	D02	c2 3/4	80.48106	461,977.82	206,995.88	368,121.48
13	D03	c2 3/4	80.48106	441,627.68	215,633.41	383,482.45
13	D04	c2 3/4	80.48106	458,401.52	205,957.17	366,274.24
13	D05	c2 3/4	80.48106	485,474.56	223,493.03	397,460.00
13	D06	c2 3/4	80.48106	466,606.63	243,066.34	432,269.18
13	D07	c2 5/6	80.48106	467,616.71	209,868.11	373,229.45
13	D08	c2 5/6	80.48106	446,631.90	234,050.51	416,235.42
13	D09	c2 5/6	80.48106	420,608.26	209,993.41	373,452.27
13	D10	c2 5/6	80.48106	441,683.50	207,982.49	369,876.06
13	D11	c2 5/6	80.48106	368,856.37	206,491.32	367,224.17
13	D12	c2 5/6	80.48106	427,208.27	187,353.33	333,189.16
13	E01	p11.II.1 3/4	80.48106	118,779.94	119,021.80	211,668.36
13	E02	p11.II.1 3/4	80.48106	174,113.77	154,674.31	275,072.80
13	E03	p11.II.1 3/4	80.48106	153,536.03	143,622.61	255,418.44
13	E04	p11.II.1 3/4	80.48106	347,840.03	252,195.56	448,504.58
13	E05	p11.II.1 3/4	80.48106	181,020.76	144,548.39	257,064.85
13	E06	p11.II.1 3/4	80.48106	182,820.52	152,286.85	270,826.93
13	E07	p11.II.1 5/6	80.48106	185,228.41	140,799.63	250,398.07
13	E08	p11.II.1 5/6	80.48106	193,350.04	146,352.13	260,272.63
13	E09	p11.II.1 5/6	80.48106	181,942.10	159,229.89	283,174.43
13	E10	p11.II.1 5/6	80.48106	171,062.22	137,987.76	245,397.43
13	E11	p11.II.1 5/6	80.48106	178,471.88	143,591.62	255,363.33
13	E12	p11.II.1 5/6	80.48106	124,096.36	113,575.88	201,983.34
13	F01	p4.I.2 3/4	80.48106	82,981.56	30,320.79	53,922.50
13	F02	p4.I.2 3/4	80.48106	113,012.37	51,433.26	91,468.91
13	F03	p4.I.2 3/4	80.48106	112,361.57	45,259.31	80,489.15
13	F04	p4.I.2 3/4	80.48106	127,295.33	54,455.08	96,842.91
13	F05	p4.I.2 3/4	80.48106	116,734.79	56,187.77	99,924.32
13	F06	p4.I.2 3/4	80.48106	153,032.64	59,752.03	106,263.01
13	F07	p4.I.2 5/6	80.48106	116,333.61	55,802.05	99,238.37
13	F08	p4.I.2 5/6	80.48106	108,550.13	49,998.15	88,916.70
13	F09	p4.I.2 5/6	80.48106	127,371.09	51,648.02	91,850.83
13	F10	p4.I.2 5/6	80.48106	110,662.75	49,516.60	88,060.33
13	F11	p4.I.2 5/6	80.48106	107,146.48	45,959.29	81,733.99
13	F12	p4.I.2 5/6	80.48106	98,023.52	32,481.08	57,764.34
13	G01	p4.II.2 3/4	80.48106	65,024.34	41,878.37	74,476.49
13	G02	p4.II.2 3/4	80.48106	116,720.91	55,238.91	98,236.87
13	G03	p4.II.2 3/4	80.48106	105,944.78	60,169.21	107,004.93
13	G04	p4.II.2 3/4	80.48106	123,241.85	69,509.70	123,616.04
13	G05	p4.II.2 3/4	80.48106	106,096.84	59,855.38	106,446.80
13	G06	p4.II.2 3/4	80.48106	89,369.36	53,958.83	95,960.39
13	G07	p4.II.2 5/6	80.48106	103,389.75	62,307.02	110,806.81
13	G08	p4.II.2 5/6	80.48106	87,278.08	51,616.80	91,795.31
13	G09	p4.II.2 5/6	80.48106	101,265.61	65,895.58	117,188.70
13	G10	p4.II.2 5/6	80.48106	102,407.50	52,139.65	92,725.16
13	G11	p4.II.2 5/6	80.48106	60,777.92	34,792.63	61,875.20
13	G12	p4.II.2 5/6	80.48106	73,389.69	30,283.02	53,855.32
13	H01	Background	80.48106	0	0	0
13	H02	Background	80.48106	0	0	0
13	H03	Background	80.48106	0	0	0
13	H04	Background	80.48106	0	0	0
13	H05	Background	80.48106	0	0	0
13	H06	Background	80.48106	0	0	0
13	H07	Background	80.48106	0	0	0
13	H08	Background	80.48106	0	0	0
13	H09	Background	80.48106	0	0	0
13	H10	Background	80.48106	0	0	0
13	H11	Background	80.48106	0	0	0
13	H12	Background	80.48106	0	0	0
14	A01	Background	87.18699	0	0	0
14	A02	Background	87.18699	0	0	0
14	A03	Background	87.18699	0	0	0
14	A04	Background	87.18699	0	0	0
14	A05	Background	87.18699	0	0	0
14	A06	Background	87.18699	0	0	0
14	A07	Background	87.18699	0	0	0
14	A08	Background	87.18699	0	0	0
14	A09	Background	87.18699	0	0	0
14	A10	Background	87.18699	0	0	0
14	A11	Background	87.18699	0	0	0
14	A12	Background	87.18699	0	0	0
14	B01	c1 3/4	87.18699	20,014.18	82,616.61	146,925.37
14	B02	c1 3/4	87.18699	37,240.55	101,718.56	180,896.28
14	B03	c1 3/4	87.18699	29,154.85	111,765.09	198,763.03
14	B04	c1 3/4	87.18699	33,386.60	110,807.15	197,059.43
14	B05	c1 3/4	87.18699	32,931.95	107,899.21	191,887.95
14	B06	c1 3/4	87.18699	34,394.94	111,216.17	197,786.83
14	B07	c1 5/6	87.18699	38,085.06	100,658.70	179,011.43
14	B08	c1 5/6	87.18699	35,983.32	111,072.09	197,530.61
14	B09	c1 5/6	87.18699	27,306.16	102,642.11	182,538.74
14	B10	c1 5/6	87.18699	29,026.26	91,367.14	162,487.33
14	B11	c1 5/6	87.18699	-23,605.36	107,469.73	191,124.16
14	B12	c1 5/6	87.18699	28,920.65	89,815.14	159,727.24
14	C01	c3 3/4	87.18699	32,031.75	66,273.32	117,860.47
14	C02	c3 3/4	87.18699	51,453.93	81,758.73	145,399.73
14	C03	c3 3/4	87.18699	42,242.98	77,103.43	137,120.74
14	C04	c3 3/4	87.18699	35,932.92	87,720.48	156,002.11
14	C05	c3 3/4	87.18699	45,897.40	75,791.86	134,788.25
14	C06	c3 3/4	87.18699	44,420.59	77,373.44	137,600.92
14	C07	c3 5/6	87.18699	36,046.94	72,538.06	129,001.68
14	C08	c3 5/6	87.18699	35,524.91	63,220.36	112,431.10
14	C09	c3 5/6	87.18699	40,305.70	64,368.49	114,472.92
14	C10	c3 5/6	87.18699	30,151.18	68,999.43	122,708.59
14	C11	c3 5/6	87.18699	29,899.46	69,005.41	122,719.22
14	C12	c3 5/6	87.18699	32,530.87	64,709.42	115,079.23
14	D01	c2 3/4	87.18699	42,481.51	134,627.14	239,420.91
14	D02	c2 3/4	87.18699	60,118.17	188,427.10	335,098.75
14	D03	c2 3/4	87.18699	62,678.84	202,823.88	360,701.98
14	D04	c2 3/4	87.18699	65,846.04	195,494.58	347,667.55
14	D05	c2 3/4	87.18699	62,621.75	219,165.46	389,763.86
14	D06	c2 3/4	87.18699	47,626.56	224,005.02	398,370.52
14	D07	c2 5/6	87.18699	53,608.00	201,374.20	358,123.88
14	D08	c2 5/6	87.18699	46,904.45	211,950.15	376,932.15
14	D09	c2 5/6	87.18699	53,745.22	194,535.33	345,961.63
14	D10	c2 5/6	87.18699	70,104.16	183,508.73	326,351.92
14	D11	c2 5/6	87.18699	54,195.77	194,174.67	345,320.23
14	D12	c2 5/6	87.18699	59,669.32	166,099.72	295,391.74
14	E01	p11.II.1 3/4	87.18699	21,463.92	114,173.17	203,045.56
14	E02	p11.II.1 3/4	87.18699	32,611.95	155,334.66	276,247.15
14	E03	p11.II.1 3/4	87.18699	14,486.21	139,813.42	248,644.19
14	E04	p11.II.1 3/4	87.18699	43,120.09	250,090.64	444,761.20
14	E05	p11.II.1 3/4	87.18699	30,220.21	138,683.75	246,635.18
14	E06	p11.II.1 3/4	87.18699	31,604.27	151,660.36	269,712.78
14	E07	p11.II.1 5/6	87.18699	30,054.04	137,818.74	245,096.85
14	E08	p11.II.1 5/6	87.18699	25,636.74	146,701.70	260,894.31
14	E09	p11.II.1 5/6	87.18699	32,544.96	160,587.76	285,589.28
14	E10	p11.II.1 5/6	87.18699	25,606.90	139,767.50	248,562.52
14	E11	p11.II.1 5/6	87.18699	25,052.29	138,718.29	246,696.61
14	E12	p11.II.1 5/6	87.18699	18,693.91	109,364.65	194,494.10
14	F01	p4.I.2 3/4	87.18699	16,260.93	24,211.91	43,058.46
14	F02	p4.I.2 3/4	87.18699	33,096.78	44,088.00	78,406.10
14	F03	p4.I.2 3/4	87.18699	30,739.98	35,216.57	62,629.14
14	F04	p4.I.2 3/4	87.18699	24,444.14	44,291.92	78,768.75
14	F05	p4.I.2 3/4	87.18699	31,229.22	48,377.70	86,034.91
14	F06	p4.I.2 3/4	87.18699	35,136.73	48,778.99	86,748.56
14	F07	p4.I.2 5/6	87.18699	34,593.30	46,868.27	83,350.53
14	F08	p4.I.2 5/6	87.18699	28,995.84	41,962.51	74,626.12
14	F09	p4.I.2 5/6	87.18699	31,938.16	40,414.19	71,872.60
14	F10	p4.I.2 5/6	87.18699	23,577.56	39,432.18	70,126.19
14	F11	p4.I.2 5/6	87.18699	32,424.46	39,968.50	71,079.98
14	F12	p4.I.2 5/6	87.18699	17,857.03	28,068.02	49,916.16
14	G01	p4.II.2 3/4	87.18699	14,504.51	39,065.15	69,473.46
14	G02	p4.II.2 3/4	87.18699	37,576.88	49,552.86	88,124.80
14	G03	p4.II.2 3/4	87.18699	30,971.87	53,847.14	95,761.75
14	G04	p4.II.2 3/4	87.18699	28,189.22	61,973.89	110,214.37
14	G05	p4.II.2 3/4	87.18699	31,722.46	53,766.55	95,618.43
14	G06	p4.II.2 3/4	87.18699	30,517.94	47,316.01	84,146.79
14	G07	p4.II.2 5/6	87.18699	23,155.89	56,388.37	100,281.07
14	G08	p4.II.2 5/6	87.18699	20,750.65	46,451.01	82,608.47
14	G09	p4.II.2 5/6	87.18699	21,604.54	57,927.12	103,017.59
14	G10	p4.II.2 5/6	87.18699	31,139.17	44,454.32	79,057.56
14	G11	p4.II.2 5/6	87.18699	1,726.90	32,451.36	57,711.50
14	G12	p4.II.2 5/6	87.18699	21,914.54	25,047.87	44,545.13
14	H01	Background	87.18699	0	0	0
14	H02	Background	87.18699	0	0	0
14	H03	Background	87.18699	0	0	0
14	H04	Background	87.18699	0	0	0
14	H05	Background	87.18699	0	0	0
14	H06	Background	87.18699	0	0	0
14	H07	Background	87.18699	0	0	0
14	H08	Background	87.18699	0	0	0
14	H09	Background	87.18699	0	0	0
14	H10	Background	87.18699	0	0	0
14	H11	Background	87.18699	0	0	0
14	H12	Background	87.18699	0	0	0
15	A01	Background	93.7507	0	0	0
15	A02	Background	93.7507	0	0	0
15	A03	Background	93.7507	0	0	0
15	A04	Background	93.7507	0	0	0
15	A05	Background	93.7507	0	0	0
15	A06	Background	93.7507	0	0	0
15	A07	Background	93.7507	0	0	0
15	A08	Background	93.7507	0	0	0
15	A09	Background	93.7507	0	0	0
15	A10	Background	93.7507	0	0	0
15	A11	Background	93.7507	0	0	0
15	A12	Background	93.7507	0	0	0
15	B01	c1 3/4	93.7507	18,723.25	81,480.76	144,905.38
15	B02	c1 3/4	93.7507	35,546.59	101,673.61	180,816.35
15	B03	c1 3/4	93.7507	29,903.37	108,628.54	193,185.00
15	B04	c1 3/4	93.7507	34,242.72	107,677.23	191,493.19
15	B05	c1 3/4	93.7507	30,599.02	106,664.46	189,692.07
15	B06	c1 3/4	93.7507	32,011.18	107,487.32	191,155.45
15	B07	c1 5/6	93.7507	36,032.38	99,160.48	176,347.00
15	B08	c1 5/6	93.7507	33,613.36	108,058.23	192,170.76
15	B09	c1 5/6	93.7507	26,996.36	99,397.00	176,767.62
15	B10	c1 5/6	93.7507	27,704.86	90,977.71	161,794.75
15	B11	c1 5/6	93.7507	-18,521.70	106,414.29	189,247.17
15	B12	c1 5/6	93.7507	27,550.71	86,335.54	153,539.13
15	C01	c3 3/4	93.7507	33,156.08	64,617.77	114,916.25
15	C02	c3 3/4	93.7507	52,056.22	78,572.52	139,733.37
15	C03	c3 3/4	93.7507	40,533.28	71,685.74	127,485.92
15	C04	c3 3/4	93.7507	38,781.57	81,750.25	145,384.65
15	C05	c3 3/4	93.7507	45,551.54	73,437.47	130,601.19
15	C06	c3 3/4	93.7507	42,846.13	74,600.33	132,669.22
15	C07	c3 5/6	93.7507	34,966.11	68,823.37	122,395.49
15	C08	c3 5/6	93.7507	34,734.61	59,609.53	106,009.58
15	C09	c3 5/6	93.7507	39,581.63	62,917.46	111,892.41
15	C10	c3 5/6	93.7507	30,902.15	63,490.98	112,912.37
15	C11	c3 5/6	93.7507	30,282.15	64,971.87	115,545.98
15	C12	c3 5/6	93.7507	31,949.21	62,734.60	111,567.21
15	D01	c2 3/4	93.7507	41,103.75	130,599.75	232,258.60
15	D02	c2 3/4	93.7507	59,045.99	184,611.62	328,313.30
15	D03	c2 3/4	93.7507	61,802.24	196,737.35	349,877.70
15	D04	c2 3/4	93.7507	67,766.01	189,591.39	337,169.33
15	D05	c2 3/4	93.7507	65,042.38	208,297.62	370,436.49
15	D06	c2 3/4	93.7507	54,146.73	216,663.35	385,314.10
15	D07	c2 5/6	93.7507	55,093.50	191,915.66	341,302.81
15	D08	c2 5/6	93.7507	49,747.86	205,507.31	365,474.20
15	D09	c2 5/6	93.7507	57,256.20	186,249.08	331,225.37
15	D10	c2 5/6	93.7507	68,571.31	179,782.93	319,725.96
15	D11	c2 5/6	93.7507	50,663.95	187,963.18	334,273.73
15	D12	c2 5/6	93.7507	61,435.02	161,489.37	287,192.70
15	E01	p11.II.1 3/4	93.7507	23,139.30	113,663.49	202,139.16
15	E02	p11.II.1 3/4	93.7507	28,934.68	150,339.73	267,364.18
15	E03	p11.II.1 3/4	93.7507	11,543.23	137,971.17	245,367.92
15	E04	p11.II.1 3/4	93.7507	45,461.88	242,035.38	430,435.72
15	E05	p11.II.1 3/4	93.7507	30,731.56	138,204.08	245,782.13
15	E06	p11.II.1 3/4	93.7507	30,804.46	146,779.44	261,032.55
15	E07	p11.II.1 5/6	93.7507	29,597.78	133,550.79	237,506.73
15	E08	p11.II.1 5/6	93.7507	24,564.04	142,707.06	253,790.23
15	E09	p11.II.1 5/6	93.7507	30,758.52	152,035.52	270,379.97
15	E10	p11.II.1 5/6	93.7507	25,989.67	134,577.67	239,332.93
15	E11	p11.II.1 5/6	93.7507	24,802.27	136,670.42	243,054.67
15	E12	p11.II.1 5/6	93.7507	17,915.46	106,424.36	189,265.08
15	F01	p4.I.2 3/4	93.7507	17,931.23	22,726.92	40,417.55
15	F02	p4.I.2 3/4	93.7507	31,175.97	41,262.69	73,381.56
15	F03	p4.I.2 3/4	93.7507	29,142.81	34,648.03	61,618.05
15	F04	p4.I.2 3/4	93.7507	25,627.55	42,675.14	75,893.46
15	F05	p4.I.2 3/4	93.7507	31,945.35	45,724.86	81,317.09
15	F06	p4.I.2 3/4	93.7507	35,616.70	45,001.66	80,030.95
15	F07	p4.I.2 5/6	93.7507	32,810.54	44,053.45	78,344.66
15	F08	p4.I.2 5/6	93.7507	27,999.70	38,888.30	69,158.96
15	F09	p4.I.2 5/6	93.7507	28,511.43	39,859.06	70,885.35
15	F10	p4.I.2 5/6	93.7507	23,279.90	35,770.28	63,613.86
15	F11	p4.I.2 5/6	93.7507	31,566.23	36,426.30	64,780.52
15	F12	p4.I.2 5/6	93.7507	19,760.96	24,227.14	43,085.54
15	G01	p4.II.2 3/4	93.7507	13,197.13	37,383.88	66,483.48
15	G02	p4.II.2 3/4	93.7507	36,124.39	47,534.91	84,536.08
15	G03	p4.II.2 3/4	93.7507	29,086.28	53,310.58	94,807.53
15	G04	p4.II.2 3/4	93.7507	27,005.10	60,907.48	108,317.86
15	G05	p4.II.2 3/4	93.7507	30,537.40	53,044.24	94,333.87
15	G06	p4.II.2 3/4	93.7507	27,987.45	46,365.55	82,456.49
15	G07	p4.II.2 5/6	93.7507	23,082.79	52,496.01	93,358.90
15	G08	p4.II.2 5/6	93.7507	19,910.83	43,740.86	77,788.75
15	G09	p4.II.2 5/6	93.7507	23,155.64	56,720.31	100,871.40
15	G10	p4.II.2 5/6	93.7507	28,524.25	43,492.89	77,347.76
15	G11	p4.II.2 5/6	93.7507	-1,479.09	30,749.44	54,684.81
15	G12	p4.II.2 5/6	93.7507	20,922.14	24,324.25	43,258.25
15	H01	Background	93.7507	0	0	0
15	H02	Background	93.7507	0	0	0
15	H03	Background	93.7507	0	0	0
15	H04	Background	93.7507	0	0	0
15	H05	Background	93.7507	0	0	0
15	H06	Background	93.7507	0	0	0
15	H07	Background	93.7507	0	0	0
15	H08	Background	93.7507	0	0	0
15	H09	Background	93.7507	0	0	0
15	H10	Background	93.7507	0	0	0
15	H11	Background	93.7507	0	0	0
15	H12	Background	93.7507	0	0	0
16	A01	Background	100.35056	0	0	0
16	A02	Background	100.35056	0	0	0
16	A03	Background	100.35056	0	0	0
16	A04	Background	100.35056	0	0	0
16	A05	Background	100.35056	0	0	0
16	A06	Background	100.35056	0	0	0
16	A07	Background	100.35056	0	0	0
16	A08	Background	100.35056	0	0	0
16	A09	Background	100.35056	0	0	0
16	A10	Background	100.35056	0	0	0
16	A11	Background	100.35056	0	0	0
16	A12	Background	100.35056	0	0	0
16	B01	c1 3/4	100.35056	18,321.89	80,211.10	142,647.42
16	B02	c1 3/4	100.35056	33,938.00	101,004.32	179,626.09
16	B03	c1 3/4	100.35056	29,351.71	109,626.34	194,959.48
16	B04	c1 3/4	100.35056	33,376.51	107,292.94	190,809.76
16	B05	c1 3/4	100.35056	27,213.83	106,818.18	189,965.44
16	B06	c1 3/4	100.35056	29,075.73	107,524.65	191,221.85
16	B07	c1 5/6	100.35056	34,008.26	99,087.19	176,216.66
16	B08	c1 5/6	100.35056	32,956.42	108,680.28	193,277.02
16	B09	c1 5/6	100.35056	24,343.51	99,476.55	176,909.11
16	B10	c1 5/6	100.35056	26,510.29	90,652.35	161,216.13
16	B11	c1 5/6	100.35056	-19,335.40	105,292.53	187,252.23
16	B12	c1 5/6	100.35056	26,603.41	87,525.11	155,654.65
16	C01	c3 3/4	100.35056	30,958.02	63,253.34	112,489.73
16	C02	c3 3/4	100.35056	49,789.81	77,722.73	138,222.10
16	C03	c3 3/4	100.35056	39,433.95	70,429.13	125,251.17
16	C04	c3 3/4	100.35056	37,940.72	80,134.10	142,510.49
16	C05	c3 3/4	100.35056	43,316.13	73,324.65	130,400.56
16	C06	c3 3/4	100.35056	40,531.44	73,944.29	131,502.52
16	C07	c3 5/6	100.35056	32,376.88	67,453.52	119,959.33
16	C08	c3 5/6	100.35056	33,092.25	59,347.93	105,544.36
16	C09	c3 5/6	100.35056	36,637.48	62,750.48	111,595.45
16	C10	c3 5/6	100.35056	29,831.00	62,621.90	111,366.78
16	C11	c3 5/6	100.35056	30,158.40	66,096.63	117,546.24
16	C12	c3 5/6	100.35056	32,303.81	62,406.85	110,984.34
16	D01	c2 3/4	100.35056	40,937.23	129,603.37	230,486.63
16	D02	c2 3/4	100.35056	55,938.13	183,990.84	327,209.31
16	D03	c2 3/4	100.35056	61,030.91	196,180.34	348,887.12
16	D04	c2 3/4	100.35056	65,831.81	188,818.44	335,794.71
16	D05	c2 3/4	100.35056	62,928.28	207,089.97	368,288.79
16	D06	c2 3/4	100.35056	43,419.92	219,121.33	389,685.37
16	D07	c2 5/6	100.35056	52,184.83	189,961.61	337,827.73
16	D08	c2 5/6	100.35056	47,458.48	204,825.10	364,260.96
16	D09	c2 5/6	100.35056	53,967.30	186,979.85	332,524.97
16	D10	c2 5/6	100.35056	69,040.38	180,288.65	320,625.34
16	D11	c2 5/6	100.35056	51,608.68	187,210.45	332,935.07
16	D12	c2 5/6	100.35056	59,400.43	159,298.33	283,296.16
16	E01	p11.II.1 3/4	100.35056	20,478.88	112,415.64	199,919.97
16	E02	p11.II.1 3/4	100.35056	30,184.13	149,336.05	265,579.23
16	E03	p11.II.1 3/4	100.35056	10,997.02	136,974.61	243,595.65
16	E04	p11.II.1 3/4	100.35056	44,194.30	239,487.38	425,904.36
16	E05	p11.II.1 3/4	100.35056	27,933.58	138,219.32	245,809.24
16	E06	p11.II.1 3/4	100.35056	30,419.42	146,799.52	261,068.26
16	E07	p11.II.1 5/6	100.35056	29,439.25	132,475.22	235,593.93
16	E08	p11.II.1 5/6	100.35056	18,841.73	140,830.89	250,453.65
16	E09	p11.II.1 5/6	100.35056	28,897.29	150,298.84	267,291.45
16	E10	p11.II.1 5/6	100.35056	24,845.87	132,341.47	235,356.07
16	E11	p11.II.1 5/6	100.35056	22,531.49	136,544.13	242,830.09
16	E12	p11.II.1 5/6	100.35056	18,368.92	107,138.46	190,535.04
16	F01	p4.I.2 3/4	100.35056	17,763.95	22,182.51	39,449.37
16	F02	p4.I.2 3/4	100.35056	32,205.34	37,289.76	66,316.10
16	F03	p4.I.2 3/4	100.35056	26,449.84	33,252.08	59,135.50
16	F04	p4.I.2 3/4	100.35056	25,569.05	41,013.14	72,937.77
16	F05	p4.I.2 3/4	100.35056	30,541.41	43,327.27	77,053.22
16	F06	p4.I.2 3/4	100.35056	29,912.32	42,191.99	75,034.23
16	F07	p4.I.2 5/6	100.35056	32,088.33	42,249.89	75,137.21
16	F08	p4.I.2 5/6	100.35056	25,902.77	36,787.98	65,423.75
16	F09	p4.I.2 5/6	100.35056	26,303.54	34,910.93	62,085.59
16	F10	p4.I.2 5/6	100.35056	22,596.64	31,990.19	56,891.35
16	F11	p4.I.2 5/6	100.35056	32,167.83	33,807.89	60,123.95
16	F12	p4.I.2 5/6	100.35056	17,838.20	18,728.53	33,306.83
16	G01	p4.II.2 3/4	100.35056	12,243.24	36,866.13	65,562.73
16	G02	p4.II.2 3/4	100.35056	33,639.77	46,227.32	82,210.66
16	G03	p4.II.2 3/4	100.35056	26,090.10	51,384.08	91,381.44
16	G04	p4.II.2 3/4	100.35056	25,990.38	58,748.31	104,478.00
16	G05	p4.II.2 3/4	100.35056	30,656.23	51,476.84	91,546.42
16	G06	p4.II.2 3/4	100.35056	27,056.22	45,736.24	81,337.33
16	G07	p4.II.2 5/6	100.35056	21,454.43	51,262.11	91,164.53
16	G08	p4.II.2 5/6	100.35056	19,987.18	41,092.41	73,078.74
16	G09	p4.II.2 5/6	100.35056	17,680.99	54,666.22	97,218.41
16	G10	p4.II.2 5/6	100.35056	31,176.66	41,675.16	74,115.10
16	G11	p4.II.2 5/6	100.35056	-1,423.40	29,450.44	52,374.67
16	G12	p4.II.2 5/6	100.35056	19,230.24	22,779.36	40,510.82
16	H01	Background	100.35056	0	0	0
16	H02	Background	100.35056	0	0	0
16	H03	Background	100.35056	0	0	0
16	H04	Background	100.35056	0	0	0
16	H05	Background	100.35056	0	0	0
16	H06	Background	100.35056	0	0	0
16	H07	Background	100.35056	0	0	0
16	H08	Background	100.35056	0	0	0
16	H09	Background	100.35056	0	0	0
16	H10	Background	100.35056	0	0	0
16	H11	Background	100.35056	0	0	0
16	H12	Background	100.35056	0	0	0
