time	well1	fibro_id	time_exact	ocr	ecar	ppr
1	A01	Background	1.30754	0	0	0
1	A02	Background	1.30754	0	0	0
1	A03	Background	1.30754	0	0	0
1	A04	Background	1.30754	0	0	0
1	A05	Background	1.30754	0	0	0
1	A06	Background	1.30754	0	0	0
1	A07	Background	1.30754	0	0	0
1	A08	Background	1.30754	0	0	0
1	A09	Background	1.30754	0	0	0
1	A10	Background	1.30754	0	0	0
1	A11	Background	1.30754	0	0	0
1	A12	Background	1.30754	0	0	0
1	B01	c1 3/4	1.30754	124,167.58	83,973.85	149,339.10
1	B02	c1 3/4	1.30754	166,835.99	87,561.56	155,719.47
1	B03	c1 3/4	1.30754	160,440.06	83,618.79	148,707.66
1	B04	c1 3/4	1.30754	159,367.76	123,785.32	220,139.81
1	B05	c1 3/4	1.30754	154,096.56	86,533.60	153,891.35
1	B06	c1 3/4	1.30754	154,006.25	92,376.44	164,282.27
1	B07	c1 5/6	1.30754	156,919.71	104,577.92	185,981.37
1	B08	c1 5/6	1.30754	155,421.87	108,014.95	192,093.79
1	B09	c1 5/6	1.30754	160,873.60	66,908.73	118,990.49
1	B10	c1 5/6	1.30754	151,037.88	92,622.08	164,719.10
1	B11	c1 5/6	1.30754	163,387.04	112,580.00	200,212.27
1	B12	c1 5/6	1.30754	132,790.01	85,289.94	151,679.64
1	C01	c3 3/4	1.30754	75,278.17	22,002.72	39,129.64
1	C02	c3 3/4	1.30754	99,393.79	33,765.71	60,048.94
1	C03	c3 3/4	1.30754	112,926.15	35,284.34	62,749.67
1	C04	c3 3/4	1.30754	107,963.59	32,945.71	58,590.64
1	C05	c3 3/4	1.30754	101,989.66	37,503.25	66,695.77
1	C06	c3 3/4	1.30754	105,690.23	20,510.65	36,476.14
1	C07	c3 5/6	1.30754	107,697.79	27,464.02	48,842.01
1	C08	c3 5/6	1.30754	104,645.54	31,256.87	55,587.23
1	C09	c3 5/6	1.30754	103,944.95	6,977.67	12,409.09
1	C10	c3 5/6	1.30754	101,824.17	27,261.49	48,481.84
1	C11	c3 5/6	1.30754	99,382.94	24,878.44	44,243.82
1	C12	c3 5/6	1.30754	73,930.16	8,485.14	15,089.97
1	D01	c2 3/4	1.30754	116,269.46	54,735.15	97,340.98
1	D02	c2 3/4	1.30754	158,787.25	64,208.78	114,188.90
1	D03	c2 3/4	1.30754	179,376.11	51,006.73	90,710.37
1	D04	c2 3/4	1.30754	180,180.87	64,074.38	113,949.88
1	D05	c2 3/4	1.30754	185,771.95	71,855.35	127,787.55
1	D06	c2 3/4	1.30754	177,278.95	63,284.27	112,544.75
1	D07	c2 5/6	1.30754	174,843.48	68,851.01	122,444.63
1	D08	c2 5/6	1.30754	169,219.24	66,566.05	118,381.07
1	D09	c2 5/6	1.30754	173,732.52	59,441.38	105,710.55
1	D10	c2 5/6	1.30754	171,574.37	58,007.55	103,160.62
1	D11	c2 5/6	1.30754	149,437.85	50,403.86	89,638.22
1	D12	c2 5/6	1.30754	124,776.18	33,350.99	59,311.39
1	E01	p11.II.1 3/4	1.30754	79,883.65	63,840.66	113,534.24
1	E02	p11.II.1 3/4	1.30754	104,696.01	80,958.02	143,975.74
1	E03	p11.II.1 3/4	1.30754	100,623.18	67,502.18	120,045.87
1	E04	p11.II.1 3/4	1.30754	98,998.02	72,030.75	128,099.48
1	E05	p11.II.1 3/4	1.30754	114,814.89	74,987.86	133,358.41
1	E06	p11.II.1 3/4	1.30754	101,144.76	97,850.59	174,017.50
1	E07	p11.II.1 5/6	1.30754	96,370.92	79,131.53	140,727.51
1	E08	p11.II.1 5/6	1.30754	95,100.11	90,127.39	160,282.54
1	E09	p11.II.1 5/6	1.30754	96,577.91	80,930.59	143,926.97
1	E10	p11.II.1 5/6	1.30754	95,748.66	81,180.98	144,372.26
1	E11	p11.II.1 5/6	1.30754	95,938.51	70,694.37	125,722.86
1	E12	p11.II.1 5/6	1.30754	75,115.90	47,090.71	83,746.11
1	F01	p4.I.2 3/4	1.30754	47,270.21	22,134.57	39,364.12
1	F02	p4.I.2 3/4	1.30754	54,423.40	18,116.48	32,218.35
1	F03	p4.I.2 3/4	1.30754	64,892.92	30,744.81	54,676.58
1	F04	p4.I.2 3/4	1.30754	66,791.39	33,135.87	58,928.82
1	F05	p4.I.2 3/4	1.30754	69,239.05	35,559.98	63,239.86
1	F06	p4.I.2 3/4	1.30754	67,349.89	27,455.81	48,827.41
1	F07	p4.I.2 5/6	1.30754	64,231.00	16,776.56	29,835.43
1	F08	p4.I.2 5/6	1.30754	63,078.10	17,727.50	31,526.59
1	F09	p4.I.2 5/6	1.30754	70,720.09	24,770.66	44,052.14
1	F10	p4.I.2 5/6	1.30754	63,262.80	13,994.90	24,888.54
1	F11	p4.I.2 5/6	1.30754	58,711.70	14,174.38	25,207.71
1	F12	p4.I.2 5/6	1.30754	48,719.79	10,853.84	19,302.47
1	G01	p4.II.2 3/4	1.30754	37,782.82	18,098.65	32,186.65
1	G02	p4.II.2 3/4	1.30754	57,598.46	15,609.00	27,759.04
1	G03	p4.II.2 3/4	1.30754	57,612.73	24,395.19	43,384.41
1	G04	p4.II.2 3/4	1.30754	58,385.69	28,546.55	50,767.18
1	G05	p4.II.2 3/4	1.30754	56,581.38	28,343.35	50,405.81
1	G06	p4.II.2 3/4	1.30754	53,974.48	27,277.63	48,510.53
1	G07	p4.II.2 5/6	1.30754	55,499.52	28,428.87	50,557.90
1	G08	p4.II.2 5/6	1.30754	50,725.61	20,976.97	37,305.44
1	G09	p4.II.2 5/6	1.30754	57,073.87	25,660.69	45,634.96
1	G10	p4.II.2 5/6	1.30754	57,402.79	15,629.92	27,796.25
1	G11	p4.II.2 5/6	1.30754	48,499.24	12,610.20	22,425.97
1	G12	p4.II.2 5/6	1.30754	45,541.61	20,833.02	37,049.45
1	H01	Background	1.30754	0	0	0
1	H02	Background	1.30754	0	0	0
1	H03	Background	1.30754	0	0	0
1	H04	Background	1.30754	0	0	0
1	H05	Background	1.30754	0	0	0
1	H06	Background	1.30754	0	0	0
1	H07	Background	1.30754	0	0	0
1	H08	Background	1.30754	0	0	0
1	H09	Background	1.30754	0	0	0
1	H10	Background	1.30754	0	0	0
1	H11	Background	1.30754	0	0	0
1	H12	Background	1.30754	0	0	0
2	A01	Background	7.82731	0	0	0
2	A02	Background	7.82731	0	0	0
2	A03	Background	7.82731	0	0	0
2	A04	Background	7.82731	0	0	0
2	A05	Background	7.82731	0	0	0
2	A06	Background	7.82731	0	0	0
2	A07	Background	7.82731	0	0	0
2	A08	Background	7.82731	0	0	0
2	A09	Background	7.82731	0	0	0
2	A10	Background	7.82731	0	0	0
2	A11	Background	7.82731	0	0	0
2	A12	Background	7.82731	0	0	0
2	B01	c1 3/4	7.82731	127,053.41	71,021.61	126,304.83
2	B02	c1 3/4	7.82731	164,270.76	73,213.80	130,203.41
2	B03	c1 3/4	7.82731	158,419.26	63,489.38	112,909.51
2	B04	c1 3/4	7.82731	158,212.01	90,138.90	160,303.01
2	B05	c1 3/4	7.82731	151,507.32	76,355.66	135,790.90
2	B06	c1 3/4	7.82731	153,714.11	76,847.52	136,665.63
2	B07	c1 5/6	7.82731	150,186.03	82,901.59	147,432.18
2	B08	c1 5/6	7.82731	151,283.12	64,010.62	113,836.49
2	B09	c1 5/6	7.82731	150,561.38	47,621.61	84,690.27
2	B10	c1 5/6	7.82731	147,217.06	71,800.15	127,689.38
2	B11	c1 5/6	7.82731	157,137.11	82,861.07	147,360.13
2	B12	c1 5/6	7.82731	128,760.21	68,000.95	120,932.89
2	C01	c3 3/4	7.82731	71,209.59	17,724.62	31,521.46
2	C02	c3 3/4	7.82731	94,745.67	34,736.99	61,776.25
2	C03	c3 3/4	7.82731	107,416.49	30,886.11	54,927.87
2	C04	c3 3/4	7.82731	102,870.28	30,293.88	53,874.64
2	C05	c3 3/4	7.82731	98,366.79	39,419.14	70,103.00
2	C06	c3 3/4	7.82731	100,545.99	21,631.61	38,469.66
2	C07	c3 5/6	7.82731	103,106.87	32,219.88	57,299.83
2	C08	c3 5/6	7.82731	95,438.07	26,023.58	46,280.33
2	C09	c3 5/6	7.82731	97,791.64	5,402.61	9,608.00
2	C10	c3 5/6	7.82731	95,525.67	21,366.02	37,997.33
2	C11	c3 5/6	7.82731	93,573.98	25,369.92	45,117.87
2	C12	c3 5/6	7.82731	70,356.98	11,955.27	21,261.25
2	D01	c2 3/4	7.82731	111,057.27	41,229.57	73,322.67
2	D02	c2 3/4	7.82731	149,377.94	65,616.74	116,692.81
2	D03	c2 3/4	7.82731	169,454.87	44,094.00	78,416.78
2	D04	c2 3/4	7.82731	169,426.80	60,001.25	106,706.22
2	D05	c2 3/4	7.82731	176,610.09	76,425.50	135,915.11
2	D06	c2 3/4	7.82731	168,061.06	69,142.15	122,962.41
2	D07	c2 5/6	7.82731	165,402.83	69,003.04	122,715.01
2	D08	c2 5/6	7.82731	160,222.05	67,929.25	120,805.37
2	D09	c2 5/6	7.82731	159,402.08	52,218.74	92,865.80
2	D10	c2 5/6	7.82731	162,939.02	55,394.20	98,513.04
2	D11	c2 5/6	7.82731	138,277.79	54,234.12	96,449.96
2	D12	c2 5/6	7.82731	116,008.41	31,251.85	55,578.28
2	E01	p11.II.1 3/4	7.82731	75,535.37	52,815.74	93,927.51
2	E02	p11.II.1 3/4	7.82731	104,295.12	79,558.90	141,487.54
2	E03	p11.II.1 3/4	7.82731	94,732.62	64,489.60	114,688.31
2	E04	p11.II.1 3/4	7.82731	94,804.77	64,115.59	114,023.17
2	E05	p11.II.1 3/4	7.82731	111,308.80	71,604.23	127,340.96
2	E06	p11.II.1 3/4	7.82731	96,578.16	83,430.00	148,371.92
2	E07	p11.II.1 5/6	7.82731	93,831.19	70,277.99	124,982.38
2	E08	p11.II.1 5/6	7.82731	84,510.82	77,397.47	137,643.66
2	E09	p11.II.1 5/6	7.82731	94,354.99	72,925.39	129,690.51
2	E10	p11.II.1 5/6	7.82731	90,978.03	77,114.60	137,140.60
2	E11	p11.II.1 5/6	7.82731	90,449.94	66,588.09	118,420.26
2	E12	p11.II.1 5/6	7.82731	71,851.06	29,973.33	53,304.57
2	F01	p4.I.2 3/4	7.82731	44,131.44	21,832.37	38,826.69
2	F02	p4.I.2 3/4	7.82731	45,775.99	15,867.25	28,218.32
2	F03	p4.I.2 3/4	7.82731	62,427.08	27,777.59	49,399.67
2	F04	p4.I.2 3/4	7.82731	62,426.97	23,903.39	42,509.79
2	F05	p4.I.2 3/4	7.82731	66,159.76	27,049.97	48,105.67
2	F06	p4.I.2 3/4	7.82731	63,998.56	19,272.41	34,274.05
2	F07	p4.I.2 5/6	7.82731	60,480.23	15,645.00	27,823.07
2	F08	p4.I.2 5/6	7.82731	56,525.54	15,747.28	28,004.97
2	F09	p4.I.2 5/6	7.82731	66,889.95	15,962.27	28,387.30
2	F10	p4.I.2 5/6	7.82731	58,382.92	9,597.34	17,067.90
2	F11	p4.I.2 5/6	7.82731	54,834.11	6,764.41	12,029.83
2	F12	p4.I.2 5/6	7.82731	47,254.69	7,773.64	13,824.64
2	G01	p4.II.2 3/4	7.82731	36,906.11	17,126.63	30,458.00
2	G02	p4.II.2 3/4	7.82731	53,235.04	11,428.19	20,323.89
2	G03	p4.II.2 3/4	7.82731	55,821.67	21,247.15	37,785.93
2	G04	p4.II.2 3/4	7.82731	56,141.51	20,640.10	36,706.35
2	G05	p4.II.2 3/4	7.82731	53,954.07	25,878.20	46,021.80
2	G06	p4.II.2 3/4	7.82731	49,258.57	19,586.47	34,832.58
2	G07	p4.II.2 5/6	7.82731	53,130.48	25,828.21	45,932.89
2	G08	p4.II.2 5/6	7.82731	48,945.30	13,191.91	23,460.49
2	G09	p4.II.2 5/6	7.82731	52,827.06	21,523.72	38,277.78
2	G10	p4.II.2 5/6	7.82731	53,948.49	6,613.07	11,760.68
2	G11	p4.II.2 5/6	7.82731	43,926.38	5,260.62	9,355.48
2	G12	p4.II.2 5/6	7.82731	42,357.32	20,262.02	36,033.97
2	H01	Background	7.82731	0	0	0
2	H02	Background	7.82731	0	0	0
2	H03	Background	7.82731	0	0	0
2	H04	Background	7.82731	0	0	0
2	H05	Background	7.82731	0	0	0
2	H06	Background	7.82731	0	0	0
2	H07	Background	7.82731	0	0	0
2	H08	Background	7.82731	0	0	0
2	H09	Background	7.82731	0	0	0
2	H10	Background	7.82731	0	0	0
2	H11	Background	7.82731	0	0	0
2	H12	Background	7.82731	0	0	0
3	A01	Background	14.36633	0	0	0
3	A02	Background	14.36633	0	0	0
3	A03	Background	14.36633	0	0	0
3	A04	Background	14.36633	0	0	0
3	A05	Background	14.36633	0	0	0
3	A06	Background	14.36633	0	0	0
3	A07	Background	14.36633	0	0	0
3	A08	Background	14.36633	0	0	0
3	A09	Background	14.36633	0	0	0
3	A10	Background	14.36633	0	0	0
3	A11	Background	14.36633	0	0	0
3	A12	Background	14.36633	0	0	0
3	B01	c1 3/4	14.36633	126,686.00	71,105.25	126,453.58
3	B02	c1 3/4	14.36633	161,957.48	55,527.80	98,750.63
3	B03	c1 3/4	14.36633	157,116.15	58,003.59	103,153.58
3	B04	c1 3/4	14.36633	159,684.64	85,993.71	152,931.21
3	B05	c1 3/4	14.36633	151,836.73	62,308.63	110,809.67
3	B06	c1 3/4	14.36633	152,434.20	66,080.92	117,518.32
3	B07	c1 5/6	14.36633	151,970.49	85,235.46	151,582.74
3	B08	c1 5/6	14.36633	153,873.92	67,250.92	119,599.03
3	B09	c1 5/6	14.36633	149,781.23	50,671.90	90,114.91
3	B10	c1 5/6	14.36633	147,341.96	72,959.76	129,751.64
3	B11	c1 5/6	14.36633	155,811.95	81,697.14	145,290.19
3	B12	c1 5/6	14.36633	129,515.59	67,614.55	120,245.71
3	C01	c3 3/4	14.36633	70,259.25	19,085.47	33,941.61
3	C02	c3 3/4	14.36633	93,134.68	34,983.27	62,214.24
3	C03	c3 3/4	14.36633	103,904.67	30,232.73	53,765.89
3	C04	c3 3/4	14.36633	100,301.10	31,352.77	55,757.77
3	C05	c3 3/4	14.36633	96,130.55	40,531.64	72,081.47
3	C06	c3 3/4	14.36633	96,979.59	26,164.99	46,531.81
3	C07	c3 5/6	14.36633	100,145.57	35,431.42	63,011.24
3	C08	c3 5/6	14.36633	94,392.07	27,342.10	48,625.19
3	C09	c3 5/6	14.36633	94,319.59	5,703.77	10,143.59
3	C10	c3 5/6	14.36633	92,608.23	26,134.35	46,477.33
3	C11	c3 5/6	14.36633	90,239.27	27,113.68	48,218.97
3	C12	c3 5/6	14.36633	69,685.07	11,903.35	21,168.91
3	D01	c2 3/4	14.36633	109,604.32	43,044.46	76,550.27
3	D02	c2 3/4	14.36633	149,695.11	68,233.96	121,347.27
3	D03	c2 3/4	14.36633	163,722.48	49,886.58	88,718.29
3	D04	c2 3/4	14.36633	166,769.72	63,951.18	113,730.78
3	D05	c2 3/4	14.36633	176,364.26	78,713.74	139,984.51
3	D06	c2 3/4	14.36633	164,006.78	73,062.39	129,934.16
3	D07	c2 5/6	14.36633	160,842.44	75,388.07	134,070.14
3	D08	c2 5/6	14.36633	158,292.95	72,201.27	128,402.74
3	D09	c2 5/6	14.36633	156,821.60	57,595.51	102,427.85
3	D10	c2 5/6	14.36633	157,887.44	60,043.40	106,781.19
3	D11	c2 5/6	14.36633	136,158.28	54,591.91	97,086.26
3	D12	c2 5/6	14.36633	114,014.02	29,979.60	53,315.72
3	E01	p11.II.1 3/4	14.36633	75,867.53	50,706.06	90,175.66
3	E02	p11.II.1 3/4	14.36633	104,986.00	77,082.56	137,083.63
3	E03	p11.II.1 3/4	14.36633	95,370.21	63,455.92	112,850.00
3	E04	p11.II.1 3/4	14.36633	97,113.73	64,363.29	114,463.68
3	E05	p11.II.1 3/4	14.36633	109,840.98	69,202.55	123,069.82
3	E06	p11.II.1 3/4	14.36633	99,113.97	84,016.07	149,414.19
3	E07	p11.II.1 5/6	14.36633	92,389.39	69,348.30	123,329.02
3	E08	p11.II.1 5/6	14.36633	81,006.49	77,644.27	138,082.57
3	E09	p11.II.1 5/6	14.36633	94,250.23	72,495.65	128,926.27
3	E10	p11.II.1 5/6	14.36633	91,526.78	77,513.73	137,850.42
3	E11	p11.II.1 5/6	14.36633	91,365.51	67,615.28	120,247.01
3	E12	p11.II.1 5/6	14.36633	71,386.60	27,872.93	49,569.22
3	F01	p4.I.2 3/4	14.36633	42,226.79	23,036.92	40,968.85
3	F02	p4.I.2 3/4	14.36633	40,513.96	17,278.45	30,728.00
3	F03	p4.I.2 3/4	14.36633	60,587.89	28,740.50	51,112.11
3	F04	p4.I.2 3/4	14.36633	61,536.43	25,473.00	45,301.19
3	F05	p4.I.2 3/4	14.36633	64,555.67	29,178.37	51,890.81
3	F06	p4.I.2 3/4	14.36633	59,574.73	20,629.47	36,687.45
3	F07	p4.I.2 5/6	14.36633	59,777.48	16,898.25	30,051.86
3	F08	p4.I.2 5/6	14.36633	56,178.86	18,036.62	32,076.32
3	F09	p4.I.2 5/6	14.36633	64,658.62	18,896.52	33,605.58
3	F10	p4.I.2 5/6	14.36633	55,137.20	13,059.35	23,224.75
3	F11	p4.I.2 5/6	14.36633	52,747.24	8,569.19	15,239.44
3	F12	p4.I.2 5/6	14.36633	47,961.59	5,897.43	10,487.99
3	G01	p4.II.2 3/4	14.36633	34,151.90	18,701.37	33,258.52
3	G02	p4.II.2 3/4	14.36633	54,149.11	14,987.84	26,654.38
3	G03	p4.II.2 3/4	14.36633	54,133.68	22,595.02	40,182.99
3	G04	p4.II.2 3/4	14.36633	54,091.77	22,809.91	40,565.15
3	G05	p4.II.2 3/4	14.36633	52,398.73	26,043.55	46,315.86
3	G06	p4.II.2 3/4	14.36633	50,670.00	20,971.63	37,295.96
3	G07	p4.II.2 5/6	14.36633	52,782.91	26,742.75	47,559.30
3	G08	p4.II.2 5/6	14.36633	48,933.38	15,299.94	27,209.42
3	G09	p4.II.2 5/6	14.36633	51,772.39	22,981.50	40,870.31
3	G10	p4.II.2 5/6	14.36633	53,392.45	12,120.48	21,555.07
3	G11	p4.II.2 5/6	14.36633	43,346.13	7,708.33	13,708.49
3	G12	p4.II.2 5/6	14.36633	41,759.62	19,633.85	34,916.83
3	H01	Background	14.36633	0	0	0
3	H02	Background	14.36633	0	0	0
3	H03	Background	14.36633	0	0	0
3	H04	Background	14.36633	0	0	0
3	H05	Background	14.36633	0	0	0
3	H06	Background	14.36633	0	0	0
3	H07	Background	14.36633	0	0	0
3	H08	Background	14.36633	0	0	0
3	H09	Background	14.36633	0	0	0
3	H10	Background	14.36633	0	0	0
3	H11	Background	14.36633	0	0	0
3	H12	Background	14.36633	0	0	0
4	A01	Background	20.88064	0	0	0
4	A02	Background	20.88064	0	0	0
4	A03	Background	20.88064	0	0	0
4	A04	Background	20.88064	0	0	0
4	A05	Background	20.88064	0	0	0
4	A06	Background	20.88064	0	0	0
4	A07	Background	20.88064	0	0	0
4	A08	Background	20.88064	0	0	0
4	A09	Background	20.88064	0	0	0
4	A10	Background	20.88064	0	0	0
4	A11	Background	20.88064	0	0	0
4	A12	Background	20.88064	0	0	0
4	B01	c1 3/4	20.88064	130,384.39	69,193.23	123,053.25
4	B02	c1 3/4	20.88064	162,418.98	50,480.15	89,773.90
4	B03	c1 3/4	20.88064	156,219.52	54,326.23	96,613.76
4	B04	c1 3/4	20.88064	160,432.85	82,185.49	146,158.68
4	B05	c1 3/4	20.88064	153,031.07	57,538.11	102,325.77
4	B06	c1 3/4	20.88064	153,386.22	61,799.88	109,904.90
4	B07	c1 5/6	20.88064	152,538.94	82,701.47	147,076.30
4	B08	c1 5/6	20.88064	155,535.87	68,423.73	121,684.76
4	B09	c1 5/6	20.88064	151,074.68	49,805.72	88,574.50
4	B10	c1 5/6	20.88064	148,589.77	71,474.14	127,109.61
4	B11	c1 5/6	20.88064	156,610.41	79,481.05	141,349.10
4	B12	c1 5/6	20.88064	132,972.98	64,123.68	114,037.55
4	C01	c3 3/4	20.88064	71,221.87	19,243.46	34,222.57
4	C02	c3 3/4	20.88064	91,833.11	34,964.33	62,180.56
4	C03	c3 3/4	20.88064	102,613.28	30,298.29	53,882.48
4	C04	c3 3/4	20.88064	99,492.66	32,380.94	57,586.26
4	C05	c3 3/4	20.88064	95,966.07	41,090.38	73,075.14
4	C06	c3 3/4	20.88064	96,338.03	27,383.90	48,699.53
4	C07	c3 5/6	20.88064	101,020.91	38,040.45	67,651.14
4	C08	c3 5/6	20.88064	93,695.35	27,488.47	48,885.49
4	C09	c3 5/6	20.88064	92,170.08	8,339.68	14,831.29
4	C10	c3 5/6	20.88064	93,412.48	28,038.34	49,863.39
4	C11	c3 5/6	20.88064	90,531.51	27,543.79	48,983.87
4	C12	c3 5/6	20.88064	67,615.40	8,106.56	14,416.71
4	D01	c2 3/4	20.88064	110,231.95	42,169.80	74,994.77
4	D02	c2 3/4	20.88064	146,629.07	68,933.43	122,591.22
4	D03	c2 3/4	20.88064	163,416.83	52,334.14	93,071.03
4	D04	c2 3/4	20.88064	165,389.32	65,596.06	116,656.04
4	D05	c2 3/4	20.88064	174,895.97	79,819.53	141,951.04
4	D06	c2 3/4	20.88064	162,393.91	76,211.77	135,535.01
4	D07	c2 5/6	20.88064	158,953.85	78,892.11	140,301.73
4	D08	c2 5/6	20.88064	157,372.14	72,965.41	129,761.68
4	D09	c2 5/6	20.88064	153,125.50	61,193.30	108,826.16
4	D10	c2 5/6	20.88064	157,572.77	61,652.58	109,642.95
4	D11	c2 5/6	20.88064	135,722.51	53,751.99	95,592.53
4	D12	c2 5/6	20.88064	113,860.19	26,245.72	46,675.38
4	E01	p11.II.1 3/4	20.88064	77,100.84	48,298.24	85,893.59
4	E02	p11.II.1 3/4	20.88064	103,912.56	74,403.50	132,319.18
4	E03	p11.II.1 3/4	20.88064	94,346.32	61,288.24	108,995.01
4	E04	p11.II.1 3/4	20.88064	96,068.72	63,303.34	112,578.66
4	E05	p11.II.1 3/4	20.88064	110,946.50	67,385.99	119,839.24
4	E06	p11.II.1 3/4	20.88064	99,543.01	83,200.75	147,964.21
4	E07	p11.II.1 5/6	20.88064	93,622.18	68,037.80	120,998.41
4	E08	p11.II.1 5/6	20.88064	84,665.91	77,806.37	138,370.85
4	E09	p11.II.1 5/6	20.88064	92,690.40	71,908.38	127,881.86
4	E10	p11.II.1 5/6	20.88064	94,350.78	75,094.14	133,547.42
4	E11	p11.II.1 5/6	20.88064	92,713.86	64,737.21	115,128.65
4	E12	p11.II.1 5/6	20.88064	74,539.61	27,673.87	49,215.22
4	F01	p4.I.2 3/4	20.88064	43,129.46	22,322.39	39,698.14
4	F02	p4.I.2 3/4	20.88064	39,568.41	18,843.27	33,510.87
4	F03	p4.I.2 3/4	20.88064	59,696.62	28,125.55	50,018.48
4	F04	p4.I.2 3/4	20.88064	59,925.82	26,538.88	47,196.75
4	F05	p4.I.2 3/4	20.88064	63,035.79	30,233.64	53,767.51
4	F06	p4.I.2 3/4	20.88064	59,872.53	22,884.61	40,698.00
4	F07	p4.I.2 5/6	20.88064	59,031.34	18,591.44	33,063.03
4	F08	p4.I.2 5/6	20.88064	54,506.33	19,065.33	33,905.78
4	F09	p4.I.2 5/6	20.88064	64,151.27	21,058.42	37,450.29
4	F10	p4.I.2 5/6	20.88064	56,244.78	13,852.64	24,635.54
4	F11	p4.I.2 5/6	20.88064	53,271.77	9,495.69	16,887.14
4	F12	p4.I.2 5/6	20.88064	47,172.18	7,090.04	12,608.92
4	G01	p4.II.2 3/4	20.88064	33,352.76	18,073.02	32,141.06
4	G02	p4.II.2 3/4	20.88064	52,313.63	14,339.02	25,500.52
4	G03	p4.II.2 3/4	20.88064	53,516.81	22,398.64	39,833.74
4	G04	p4.II.2 3/4	20.88064	54,432.96	22,677.04	40,328.85
4	G05	p4.II.2 3/4	20.88064	51,098.06	25,382.56	45,140.34
4	G06	p4.II.2 3/4	20.88064	48,474.17	20,750.23	36,902.20
4	G07	p4.II.2 5/6	20.88064	51,274.17	26,078.54	46,378.08
4	G08	p4.II.2 5/6	20.88064	48,259.29	15,944.84	28,356.31
4	G09	p4.II.2 5/6	20.88064	50,145.38	23,962.17	42,614.32
4	G10	p4.II.2 5/6	20.88064	51,797.86	12,062.50	21,451.95
4	G11	p4.II.2 5/6	20.88064	41,836.48	8,382.26	14,907.00
4	G12	p4.II.2 5/6	20.88064	41,554.20	18,629.00	33,129.82
4	H01	Background	20.88064	0	0	0
4	H02	Background	20.88064	0	0	0
4	H03	Background	20.88064	0	0	0
4	H04	Background	20.88064	0	0	0
4	H05	Background	20.88064	0	0	0
4	H06	Background	20.88064	0	0	0
4	H07	Background	20.88064	0	0	0
4	H08	Background	20.88064	0	0	0
4	H09	Background	20.88064	0	0	0
4	H10	Background	20.88064	0	0	0
4	H11	Background	20.88064	0	0	0
4	H12	Background	20.88064	0	0	0
5	A01	Background	27.49245	0	0	0
5	A02	Background	27.49245	0	0	0
5	A03	Background	27.49245	0	0	0
5	A04	Background	27.49245	0	0	0
5	A05	Background	27.49245	0	0	0
5	A06	Background	27.49245	0	0	0
5	A07	Background	27.49245	0	0	0
5	A08	Background	27.49245	0	0	0
5	A09	Background	27.49245	0	0	0
5	A10	Background	27.49245	0	0	0
5	A11	Background	27.49245	0	0	0
5	A12	Background	27.49245	0	0	0
5	B01	c1 3/4	27.49245	127,939.44	64,486.31	114,682.45
5	B02	c1 3/4	27.49245	151,680.24	55,063.08	97,924.19
5	B03	c1 3/4	27.49245	151,200.28	45,280.92	80,527.59
5	B04	c1 3/4	27.49245	161,224.12	71,264.56	126,736.89
5	B05	c1 3/4	27.49245	149,534.55	53,679.20	95,463.09
5	B06	c1 3/4	27.49245	153,106.03	63,727.05	113,332.18
5	B07	c1 5/6	27.49245	148,092.57	73,190.08	130,161.25
5	B08	c1 5/6	27.49245	151,682.55	55,300.03	98,345.58
5	B09	c1 5/6	27.49245	148,084.47	55,205.77	98,177.94
5	B10	c1 5/6	27.49245	147,195.18	61,788.71	109,885.04
5	B11	c1 5/6	27.49245	156,239.27	78,047.80	138,800.21
5	B12	c1 5/6	27.49245	124,957.20	65,640.19	116,734.52
5	C01	c3 3/4	27.49245	69,163.30	19,371.05	34,449.47
5	C02	c3 3/4	27.49245	90,678.93	28,574.25	50,816.44
5	C03	c3 3/4	27.49245	100,071.70	20,190.34	35,906.50
5	C04	c3 3/4	27.49245	99,697.11	24,548.83	43,657.64
5	C05	c3 3/4	27.49245	95,483.06	34,893.44	62,054.49
5	C06	c3 3/4	27.49245	94,557.19	13,619.07	24,220.16
5	C07	c3 5/6	27.49245	97,974.43	29,833.71	53,056.27
5	C08	c3 5/6	27.49245	92,050.19	19,726.92	35,082.36
5	C09	c3 5/6	27.49245	91,177.67	-411.44352	-731.71116
5	C10	c3 5/6	27.49245	91,239.16	21,915.75	38,974.97
5	C11	c3 5/6	27.49245	88,842.00	17,369.30	30,889.56
5	C12	c3 5/6	27.49245	65,728.75	6,521.08	11,597.09
5	D01	c2 3/4	27.49245	104,620.67	37,790.97	67,207.45
5	D02	c2 3/4	27.49245	142,411.48	62,109.57	110,455.66
5	D03	c2 3/4	27.49245	156,579.25	43,962.21	78,182.39
5	D04	c2 3/4	27.49245	159,933.09	60,195.14	107,051.04
5	D05	c2 3/4	27.49245	173,916.28	72,776.53	129,425.78
5	D06	c2 3/4	27.49245	160,544.57	67,370.66	119,811.98
5	D07	c2 5/6	27.49245	156,345.30	64,305.32	114,360.58
5	D08	c2 5/6	27.49245	153,563.52	64,989.47	115,577.27
5	D09	c2 5/6	27.49245	152,024.29	44,531.66	79,195.10
5	D10	c2 5/6	27.49245	152,249.72	50,556.51	89,909.70
5	D11	c2 5/6	27.49245	131,603.32	41,427.41	73,674.51
5	D12	c2 5/6	27.49245	105,207.07	28,337.96	50,396.23
5	E01	p11.II.1 3/4	27.49245	75,167.12	43,462.47	77,293.65
5	E02	p11.II.1 3/4	27.49245	104,291.99	70,241.30	124,917.13
5	E03	p11.II.1 3/4	27.49245	94,408.14	52,292.77	92,997.46
5	E04	p11.II.1 3/4	27.49245	97,152.29	51,556.62	91,688.29
5	E05	p11.II.1 3/4	27.49245	110,525.35	61,852.19	109,997.93
5	E06	p11.II.1 3/4	27.49245	97,870.92	66,802.60	118,801.74
5	E07	p11.II.1 5/6	27.49245	90,778.25	50,261.86	89,385.69
5	E08	p11.II.1 5/6	27.49245	68,484.91	60,849.54	108,214.82
5	E09	p11.II.1 5/6	27.49245	93,333.09	56,584.46	100,629.81
5	E10	p11.II.1 5/6	27.49245	90,833.25	61,604.61	109,557.63
5	E11	p11.II.1 5/6	27.49245	92,306.56	46,414.63	82,543.77
5	E12	p11.II.1 5/6	27.49245	72,169.45	27,910.53	49,636.08
5	F01	p4.I.2 3/4	27.49245	40,644.93	21,810.83	38,788.37
5	F02	p4.I.2 3/4	27.49245	37,830.83	17,496.41	31,115.61
5	F03	p4.I.2 3/4	27.49245	57,963.05	24,582.04	43,716.71
5	F04	p4.I.2 3/4	27.49245	58,355.31	18,796.91	33,428.42
5	F05	p4.I.2 3/4	27.49245	61,448.25	20,495.86	36,449.84
5	F06	p4.I.2 3/4	27.49245	56,717.40	9,071.57	16,132.88
5	F07	p4.I.2 5/6	27.49245	58,220.48	5,692.46	10,123.47
5	F08	p4.I.2 5/6	27.49245	54,146.63	9,877.95	17,566.94
5	F09	p4.I.2 5/6	27.49245	63,393.38	6,037.73	10,737.50
5	F10	p4.I.2 5/6	27.49245	55,183.47	5,841.95	10,389.33
5	F11	p4.I.2 5/6	27.49245	51,803.08	5,132.01	9,126.76
5	F12	p4.I.2 5/6	27.49245	45,422.19	7,116.22	12,655.48
5	G01	p4.II.2 3/4	27.49245	34,112.79	18,684.90	33,229.23
5	G02	p4.II.2 3/4	27.49245	51,220.08	12,978.82	23,081.53
5	G03	p4.II.2 3/4	27.49245	50,999.89	19,343.23	34,400.00
5	G04	p4.II.2 3/4	27.49245	52,513.97	17,121.27	30,448.46
5	G05	p4.II.2 3/4	27.49245	49,022.93	24,307.03	43,227.62
5	G06	p4.II.2 3/4	27.49245	46,116.91	15,040.12	26,747.35
5	G07	p4.II.2 5/6	27.49245	49,064.70	24,147.45	42,943.82
5	G08	p4.II.2 5/6	27.49245	48,854.13	10,863.34	19,319.36
5	G09	p4.II.2 5/6	27.49245	49,489.20	16,182.15	28,778.34
5	G10	p4.II.2 5/6	27.49245	50,036.72	8,349.08	14,848.00
5	G11	p4.II.2 5/6	27.49245	39,080.46	7,371.41	13,109.32
5	G12	p4.II.2 5/6	27.49245	38,971.71	17,490.51	31,105.12
5	H01	Background	27.49245	0	0	0
5	H02	Background	27.49245	0	0	0
5	H03	Background	27.49245	0	0	0
5	H04	Background	27.49245	0	0	0
5	H05	Background	27.49245	0	0	0
5	H06	Background	27.49245	0	0	0
5	H07	Background	27.49245	0	0	0
5	H08	Background	27.49245	0	0	0
5	H09	Background	27.49245	0	0	0
5	H10	Background	27.49245	0	0	0
5	H11	Background	27.49245	0	0	0
5	H12	Background	27.49245	0	0	0
6	A01	Background	34.01118	0	0	0
6	A02	Background	34.01118	0	0	0
6	A03	Background	34.01118	0	0	0
6	A04	Background	34.01118	0	0	0
6	A05	Background	34.01118	0	0	0
6	A06	Background	34.01118	0	0	0
6	A07	Background	34.01118	0	0	0
6	A08	Background	34.01118	0	0	0
6	A09	Background	34.01118	0	0	0
6	A10	Background	34.01118	0	0	0
6	A11	Background	34.01118	0	0	0
6	A12	Background	34.01118	0	0	0
6	B01	c1 3/4	34.01118	127,292.97	68,292.32	121,451.06
6	B02	c1 3/4	34.01118	140,662.76	60,531.80	107,649.76
6	B03	c1 3/4	34.01118	152,974.35	48,869.99	86,910.39
6	B04	c1 3/4	34.01118	158,739.13	83,648.29	148,760.12
6	B05	c1 3/4	34.01118	147,242.04	58,177.07	103,462.10
6	B06	c1 3/4	34.01118	150,194.26	63,493.72	112,917.23
6	B07	c1 5/6	34.01118	149,357.08	81,527.88	144,989.18
6	B08	c1 5/6	34.01118	152,654.06	72,053.17	128,139.35
6	B09	c1 5/6	34.01118	147,900.77	56,221.58	99,984.47
6	B10	c1 5/6	34.01118	144,467.40	78,494.93	139,595.39
6	B11	c1 5/6	34.01118	154,818.72	83,560.21	148,603.48
6	B12	c1 5/6	34.01118	121,887.35	69,595.34	123,768.36
6	C01	c3 3/4	34.01118	68,784.75	20,473.16	36,409.47
6	C02	c3 3/4	34.01118	90,899.63	31,021.31	55,168.30
6	C03	c3 3/4	34.01118	98,269.97	26,333.90	46,832.20
6	C04	c3 3/4	34.01118	97,655.06	33,360.20	59,327.77
6	C05	c3 3/4	34.01118	95,635.01	35,655.78	63,410.24
6	C06	c3 3/4	34.01118	94,215.98	18,749.13	33,343.46
6	C07	c3 5/6	34.01118	99,101.74	30,991.85	55,115.91
6	C08	c3 5/6	34.01118	90,571.30	24,753.47	44,021.57
6	C09	c3 5/6	34.01118	90,780.27	6,595.29	11,729.07
6	C10	c3 5/6	34.01118	90,707.68	28,131.36	50,028.81
6	C11	c3 5/6	34.01118	87,462.41	24,586.78	43,725.13
6	C12	c3 5/6	34.01118	67,434.60	9,203.23	16,367.03
6	D01	c2 3/4	34.01118	102,939.43	45,074.96	80,161.32
6	D02	c2 3/4	34.01118	139,552.75	68,605.40	122,007.85
6	D03	c2 3/4	34.01118	157,710.21	47,721.38	84,867.69
6	D04	c2 3/4	34.01118	156,729.25	70,797.61	125,906.47
6	D05	c2 3/4	34.01118	169,373.98	80,017.08	142,302.38
6	D06	c2 3/4	34.01118	157,723.79	72,770.69	129,415.40
6	D07	c2 5/6	34.01118	152,791.89	71,315.67	126,827.78
6	D08	c2 5/6	34.01118	149,276.48	70,201.47	124,846.30
6	D09	c2 5/6	34.01118	151,151.84	55,166.16	98,107.50
6	D10	c2 5/6	34.01118	147,161.13	65,958.40	117,300.43
6	D11	c2 5/6	34.01118	131,381.18	54,656.73	97,201.53
6	D12	c2 5/6	34.01118	101,217.28	30,859.17	54,879.95
6	E01	p11.II.1 3/4	34.01118	75,153.11	44,915.21	79,877.21
6	E02	p11.II.1 3/4	34.01118	101,109.66	70,968.39	126,210.18
6	E03	p11.II.1 3/4	34.01118	94,897.29	54,864.15	97,570.40
6	E04	p11.II.1 3/4	34.01118	94,940.43	60,917.89	108,336.38
6	E05	p11.II.1 3/4	34.01118	108,255.25	66,710.01	118,637.08
6	E06	p11.II.1 3/4	34.01118	96,367.31	75,230.29	133,789.54
6	E07	p11.II.1 5/6	34.01118	90,980.10	59,792.78	106,335.49
6	E08	p11.II.1 5/6	34.01118	81,867.20	67,966.41	120,871.46
6	E09	p11.II.1 5/6	34.01118	92,192.72	61,893.18	110,070.82
6	E10	p11.II.1 5/6	34.01118	89,571.67	68,700.51	122,176.98
6	E11	p11.II.1 5/6	34.01118	92,109.87	58,753.63	104,487.46
6	E12	p11.II.1 5/6	34.01118	72,937.98	29,986.78	53,328.49
6	F01	p4.I.2 3/4	34.01118	41,040.41	21,782.22	38,737.50
6	F02	p4.I.2 3/4	34.01118	36,458.84	19,204.47	34,153.23
6	F03	p4.I.2 3/4	34.01118	58,130.10	28,078.31	49,934.47
6	F04	p4.I.2 3/4	34.01118	56,670.05	24,767.17	44,045.94
6	F05	p4.I.2 3/4	34.01118	60,431.57	28,191.18	50,135.19
6	F06	p4.I.2 3/4	34.01118	57,763.60	20,940.68	37,240.90
6	F07	p4.I.2 5/6	34.01118	57,569.54	15,605.95	27,753.62
6	F08	p4.I.2 5/6	34.01118	53,131.62	15,676.48	27,879.06
6	F09	p4.I.2 5/6	34.01118	62,314.95	16,311.22	29,007.88
6	F10	p4.I.2 5/6	34.01118	52,264.97	15,300.02	27,209.55
6	F11	p4.I.2 5/6	34.01118	51,140.92	12,092.11	21,504.61
6	F12	p4.I.2 5/6	34.01118	44,495.71	9,050.05	16,094.61
6	G01	p4.II.2 3/4	34.01118	30,240.51	18,111.77	32,209.96
6	G02	p4.II.2 3/4	34.01118	50,925.84	16,168.56	28,754.18
6	G03	p4.II.2 3/4	34.01118	51,413.95	22,485.10	39,987.50
6	G04	p4.II.2 3/4	34.01118	50,180.56	22,274.09	39,612.23
6	G05	p4.II.2 3/4	34.01118	47,235.31	26,610.91	47,324.85
6	G06	p4.II.2 3/4	34.01118	45,310.46	21,490.96	38,219.52
6	G07	p4.II.2 5/6	34.01118	46,078.74	26,218.01	46,626.10
6	G08	p4.II.2 5/6	34.01118	47,576.21	17,161.91	30,520.74
6	G09	p4.II.2 5/6	34.01118	48,960.14	22,992.03	40,889.03
6	G10	p4.II.2 5/6	34.01118	50,536.64	17,465.80	31,061.18
6	G11	p4.II.2 5/6	34.01118	36,059.58	10,578.88	18,813.49
6	G12	p4.II.2 5/6	34.01118	37,815.05	17,230.20	30,642.19
6	H01	Background	34.01118	0	0	0
6	H02	Background	34.01118	0	0	0
6	H03	Background	34.01118	0	0	0
6	H04	Background	34.01118	0	0	0
6	H05	Background	34.01118	0	0	0
6	H06	Background	34.01118	0	0	0
6	H07	Background	34.01118	0	0	0
6	H08	Background	34.01118	0	0	0
6	H09	Background	34.01118	0	0	0
6	H10	Background	34.01118	0	0	0
6	H11	Background	34.01118	0	0	0
6	H12	Background	34.01118	0	0	0
7	A01	Background	40.55071	0	0	0
7	A02	Background	40.55071	0	0	0
7	A03	Background	40.55071	0	0	0
7	A04	Background	40.55071	0	0	0
7	A05	Background	40.55071	0	0	0
7	A06	Background	40.55071	0	0	0
7	A07	Background	40.55071	0	0	0
7	A08	Background	40.55071	0	0	0
7	A09	Background	40.55071	0	0	0
7	A10	Background	40.55071	0	0	0
7	A11	Background	40.55071	0	0	0
7	A12	Background	40.55071	0	0	0
7	B01	c1 3/4	40.55071	128,575.48	69,444.14	123,499.46
7	B02	c1 3/4	40.55071	122,614.93	73,359.90	130,463.25
7	B03	c1 3/4	40.55071	151,687.34	49,557.08	88,132.31
7	B04	c1 3/4	40.55071	156,761.49	83,848.99	149,117.04
7	B05	c1 3/4	40.55071	144,074.68	58,258.44	103,606.81
7	B06	c1 3/4	40.55071	150,709.25	62,455.52	111,070.89
7	B07	c1 5/6	40.55071	149,047.14	77,888.53	138,516.96
7	B08	c1 5/6	40.55071	148,351.05	69,058.24	122,813.18
7	B09	c1 5/6	40.55071	145,335.43	59,268.32	105,402.77
7	B10	c1 5/6	40.55071	143,986.98	76,447.54	135,954.30
7	B11	c1 5/6	40.55071	157,526.38	84,034.24	149,446.49
7	B12	c1 5/6	40.55071	115,148.12	70,625.61	125,600.58
7	C01	c3 3/4	40.55071	69,462.78	22,386.95	39,812.95
7	C02	c3 3/4	40.55071	88,487.54	32,320.42	57,478.63
7	C03	c3 3/4	40.55071	97,498.45	28,295.18	50,320.15
7	C04	c3 3/4	40.55071	98,919.75	33,782.52	60,078.83
7	C05	c3 3/4	40.55071	94,019.92	36,364.90	64,671.34
7	C06	c3 3/4	40.55071	92,761.47	20,787.22	36,967.99
7	C07	c3 5/6	40.55071	98,120.46	33,031.75	58,743.67
7	C08	c3 5/6	40.55071	89,109.23	26,123.69	46,458.37
7	C09	c3 5/6	40.55071	86,717.24	8,713.99	15,496.96
7	C10	c3 5/6	40.55071	91,122.36	29,429.76	52,337.88
7	C11	c3 5/6	40.55071	88,830.54	24,262.72	43,148.83
7	C12	c3 5/6	40.55071	65,064.93	8,744.14	15,550.59
7	D01	c2 3/4	40.55071	101,692.36	44,632.07	79,373.67
7	D02	c2 3/4	40.55071	136,799.49	68,580.21	121,963.05
7	D03	c2 3/4	40.55071	153,870.71	50,152.14	89,190.57
7	D04	c2 3/4	40.55071	146,514.29	71,519.81	127,190.83
7	D05	c2 3/4	40.55071	166,707.69	79,743.25	141,815.39
7	D06	c2 3/4	40.55071	158,150.78	76,972.66	136,888.17
7	D07	c2 5/6	40.55071	150,030.15	75,738.03	134,692.51
7	D08	c2 5/6	40.55071	142,681.11	74,943.70	133,279.88
7	D09	c2 5/6	40.55071	149,809.07	60,584.02	107,742.62
7	D10	c2 5/6	40.55071	139,320.29	70,073.23	124,618.24
7	D11	c2 5/6	40.55071	129,970.27	54,079.23	96,174.51
7	D12	c2 5/6	40.55071	91,163.24	31,226.45	55,533.12
7	E01	p11.II.1 3/4	40.55071	75,013.68	42,694.38	75,927.68
7	E02	p11.II.1 3/4	40.55071	98,917.14	70,777.36	125,870.46
7	E03	p11.II.1 3/4	40.55071	93,896.28	55,987.40	99,567.99
7	E04	p11.II.1 3/4	40.55071	96,213.87	60,276.86	107,196.36
7	E05	p11.II.1 3/4	40.55071	104,855.32	66,004.02	117,381.55
7	E06	p11.II.1 3/4	40.55071	96,231.38	77,445.27	137,728.66
7	E07	p11.II.1 5/6	40.55071	89,184.83	62,590.62	111,311.16
7	E08	p11.II.1 5/6	40.55071	80,113.64	69,875.82	124,267.16
7	E09	p11.II.1 5/6	40.55071	92,075.34	65,074.05	115,727.69
7	E10	p11.II.1 5/6	40.55071	90,795.33	71,173.83	126,575.54
7	E11	p11.II.1 5/6	40.55071	92,318.52	60,180.68	107,025.32
7	E12	p11.II.1 5/6	40.55071	72,146.94	24,395.40	43,384.79
7	F01	p4.I.2 3/4	40.55071	40,533.00	20,297.06	36,096.28
7	F02	p4.I.2 3/4	40.55071	35,976.66	17,966.81	31,952.17
7	F03	p4.I.2 3/4	40.55071	56,732.52	27,987.75	49,773.41
7	F04	p4.I.2 3/4	40.55071	56,482.46	24,598.48	43,745.93
7	F05	p4.I.2 3/4	40.55071	59,617.58	28,043.38	49,872.34
7	F06	p4.I.2 3/4	40.55071	55,037.35	22,579.30	40,155.02
7	F07	p4.I.2 5/6	40.55071	57,908.08	18,383.69	32,693.56
7	F08	p4.I.2 5/6	40.55071	51,609.52	18,042.66	32,087.06
7	F09	p4.I.2 5/6	40.55071	60,376.24	20,585.85	36,609.88
7	F10	p4.I.2 5/6	40.55071	53,922.55	15,497.47	27,560.69
7	F11	p4.I.2 5/6	40.55071	50,417.68	11,115.94	19,768.59
7	F12	p4.I.2 5/6	40.55071	43,102.69	6,663.32	11,850.05
7	G01	p4.II.2 3/4	40.55071	26,012.38	20,406.95	36,291.72
7	G02	p4.II.2 3/4	40.55071	48,939.89	15,700.58	27,921.91
7	G03	p4.II.2 3/4	40.55071	46,931.03	22,801.13	40,549.53
7	G04	p4.II.2 3/4	40.55071	49,361.62	22,182.21	39,448.84
7	G05	p4.II.2 3/4	40.55071	43,238.19	26,085.97	46,391.28
7	G06	p4.II.2 3/4	40.55071	44,435.71	21,581.92	38,381.29
7	G07	p4.II.2 5/6	40.55071	39,862.00	29,164.70	51,866.50
7	G08	p4.II.2 5/6	40.55071	44,094.31	17,244.53	30,667.67
7	G09	p4.II.2 5/6	40.55071	47,318.87	23,058.32	41,006.91
7	G10	p4.II.2 5/6	40.55071	47,830.43	13,311.91	23,673.90
7	G11	p4.II.2 5/6	40.55071	33,104.63	10,137.39	18,028.34
7	G12	p4.II.2 5/6	40.55071	34,598.14	17,743.72	31,555.44
7	H01	Background	40.55071	0	0	0
7	H02	Background	40.55071	0	0	0
7	H03	Background	40.55071	0	0	0
7	H04	Background	40.55071	0	0	0
7	H05	Background	40.55071	0	0	0
7	H06	Background	40.55071	0	0	0
7	H07	Background	40.55071	0	0	0
7	H08	Background	40.55071	0	0	0
7	H09	Background	40.55071	0	0	0
7	H10	Background	40.55071	0	0	0
7	H11	Background	40.55071	0	0	0
7	H12	Background	40.55071	0	0	0
8	A01	Background	47.19944	0	0	0
8	A02	Background	47.19944	0	0	0
8	A03	Background	47.19944	0	0	0
8	A04	Background	47.19944	0	0	0
8	A05	Background	47.19944	0	0	0
8	A06	Background	47.19944	0	0	0
8	A07	Background	47.19944	0	0	0
8	A08	Background	47.19944	0	0	0
8	A09	Background	47.19944	0	0	0
8	A10	Background	47.19944	0	0	0
8	A11	Background	47.19944	0	0	0
8	A12	Background	47.19944	0	0	0
8	B01	c1 3/4	47.19944	229,109.34	121,527.31	216,124.16
8	B02	c1 3/4	47.19944	305,169.29	109,769.16	195,213.47
8	B03	c1 3/4	47.19944	295,780.28	109,851.55	195,360.00
8	B04	c1 3/4	47.19944	302,955.15	152,849.36	271,827.30
8	B05	c1 3/4	47.19944	297,657.42	122,130.39	217,196.68
8	B06	c1 3/4	47.19944	299,832.02	137,334.54	244,235.75
8	B07	c1 5/6	47.19944	282,802.90	142,468.40	253,365.80
8	B08	c1 5/6	47.19944	293,284.75	145,315.23	258,428.61
8	B09	c1 5/6	47.19944	285,711.92	127,435.53	226,631.34
8	B10	c1 5/6	47.19944	295,071.19	132,063.03	234,860.89
8	B11	c1 5/6	47.19944	262,707.36	149,488.25	265,849.90
8	B12	c1 5/6	47.19944	231,936.04	135,089.56	240,243.27
8	C01	c3 3/4	47.19944	155,146.63	46,261.04	82,270.63
8	C02	c3 3/4	47.19944	215,936.07	70,975.29	126,222.45
8	C03	c3 3/4	47.19944	254,096.98	66,304.55	117,916.01
8	C04	c3 3/4	47.19944	300,709.00	65,328.70	116,180.57
8	C05	c3 3/4	47.19944	240,134.68	87,406.43	155,443.60
8	C06	c3 3/4	47.19944	239,785.73	53,873.45	95,808.54
8	C07	c3 5/6	47.19944	265,315.47	81,715.99	145,323.72
8	C08	c3 5/6	47.19944	237,569.76	58,431.26	103,914.15
8	C09	c3 5/6	47.19944	278,372.64	29,032.57	51,631.53
8	C10	c3 5/6	47.19944	250,949.24	59,803.41	106,354.38
8	C11	c3 5/6	47.19944	206,676.06	65,136.12	115,838.08
8	C12	c3 5/6	47.19944	176,441.44	40,928.84	72,787.86
8	D01	c2 3/4	47.19944	181,773.40	68,249.78	121,375.42
8	D02	c2 3/4	47.19944	292,636.93	125,929.54	223,953.09
8	D03	c2 3/4	47.19944	285,703.09	84,775.29	150,764.38
8	D04	c2 3/4	47.19944	321,182.64	118,143.48	210,106.37
8	D05	c2 3/4	47.19944	354,724.06	136,523.70	242,793.75
8	D06	c2 3/4	47.19944	343,764.01	148,495.28	264,084.01
8	D07	c2 5/6	47.19944	360,562.43	156,622.72	278,537.85
8	D08	c2 5/6	47.19944	360,221.63	147,429.92	262,189.36
8	D09	c2 5/6	47.19944	341,674.59	127,407.72	226,581.89
8	D10	c2 5/6	47.19944	330,899.35	128,406.72	228,358.52
8	D11	c2 5/6	47.19944	289,119.69	107,707.47	191,546.97
8	D12	c2 5/6	47.19944	235,595.74	74,284.93	132,108.31
8	E01	p11.II.1 3/4	47.19944	132,981.46	79,149.78	140,759.97
8	E02	p11.II.1 3/4	47.19944	188,602.66	124,653.20	221,683.25
8	E03	p11.II.1 3/4	47.19944	174,136.17	100,595.56	178,899.14
8	E04	p11.II.1 3/4	47.19944	173,018.01	97,892.12	174,091.35
8	E05	p11.II.1 3/4	47.19944	192,698.00	112,574.45	200,202.40
8	E06	p11.II.1 3/4	47.19944	146,303.88	95,134.29	169,186.83
8	E07	p11.II.1 5/6	47.19944	180,471.88	114,420.79	203,485.94
8	E08	p11.II.1 5/6	47.19944	168,507.68	122,184.18	217,292.34
8	E09	p11.II.1 5/6	47.19944	173,578.72	112,011.03	199,200.42
8	E10	p11.II.1 5/6	47.19944	180,383.74	110,944.04	197,302.87
8	E11	p11.II.1 5/6	47.19944	165,965.62	91,294.51	162,358.16
8	E12	p11.II.1 5/6	47.19944	132,047.52	55,663.46	98,991.90
8	F01	p4.I.2 3/4	47.19944	63,665.59	30,003.87	53,358.87
8	F02	p4.I.2 3/4	47.19944	73,839.05	29,219.64	51,964.20
8	F03	p4.I.2 3/4	47.19944	99,497.44	45,092.93	80,193.27
8	F04	p4.I.2 3/4	47.19944	97,223.64	34,928.34	62,116.56
8	F05	p4.I.2 3/4	47.19944	94,549.32	37,834.97	67,285.72
8	F06	p4.I.2 3/4	47.19944	89,962.61	25,755.62	45,803.79
8	F07	p4.I.2 5/6	47.19944	125,896.63	27,044.83	48,096.52
8	F08	p4.I.2 5/6	47.19944	110,703.78	30,775.40	54,730.98
8	F09	p4.I.2 5/6	47.19944	113,132.57	31,115.92	55,336.56
8	F10	p4.I.2 5/6	47.19944	110,048.47	32,095.81	57,079.20
8	F11	p4.I.2 5/6	47.19944	120,304.84	33,398.19	59,395.33
8	F12	p4.I.2 5/6	47.19944	77,759.27	17,914.46	31,859.08
8	G01	p4.II.2 3/4	47.19944	52,827.46	27,695.60	49,253.85
8	G02	p4.II.2 3/4	47.19944	85,312.92	29,254.39	52,026.01
8	G03	p4.II.2 3/4	47.19944	79,917.14	34,562.22	61,465.46
8	G04	p4.II.2 3/4	47.19944	79,949.46	30,471.80	54,191.05
8	G05	p4.II.2 3/4	47.19944	70,662.87	36,190.81	64,361.74
8	G06	p4.II.2 3/4	47.19944	69,917.70	32,978.25	58,648.53
8	G07	p4.II.2 5/6	47.19944	77,925.34	40,905.26	72,745.91
8	G08	p4.II.2 5/6	47.19944	78,442.14	27,789.99	49,421.71
8	G09	p4.II.2 5/6	47.19944	94,803.37	45,315.10	80,588.38
8	G10	p4.II.2 5/6	47.19944	95,365.61	21,782.82	38,738.56
8	G11	p4.II.2 5/6	47.19944	66,776.27	18,974.91	33,744.98
8	G12	p4.II.2 5/6	47.19944	77,037.51	42,411.78	75,425.11
8	H01	Background	47.19944	0	0	0
8	H02	Background	47.19944	0	0	0
8	H03	Background	47.19944	0	0	0
8	H04	Background	47.19944	0	0	0
8	H05	Background	47.19944	0	0	0
8	H06	Background	47.19944	0	0	0
8	H07	Background	47.19944	0	0	0
8	H08	Background	47.19944	0	0	0
8	H09	Background	47.19944	0	0	0
8	H10	Background	47.19944	0	0	0
8	H11	Background	47.19944	0	0	0
8	H12	Background	47.19944	0	0	0
9	A01	Background	53.74677	0	0	0
9	A02	Background	53.74677	0	0	0
9	A03	Background	53.74677	0	0	0
9	A04	Background	53.74677	0	0	0
9	A05	Background	53.74677	0	0	0
9	A06	Background	53.74677	0	0	0
9	A07	Background	53.74677	0	0	0
9	A08	Background	53.74677	0	0	0
9	A09	Background	53.74677	0	0	0
9	A10	Background	53.74677	0	0	0
9	A11	Background	53.74677	0	0	0
9	A12	Background	53.74677	0	0	0
9	B01	c1 3/4	53.74677	232,006.42	139,840.22	248,691.85
9	B02	c1 3/4	53.74677	309,608.49	122,570.53	217,979.43
9	B03	c1 3/4	53.74677	292,192.91	121,318.89	215,753.51
9	B04	c1 3/4	53.74677	294,587.45	166,921.94	296,853.98
9	B05	c1 3/4	53.74677	295,768.64	135,836.56	241,571.73
9	B06	c1 3/4	53.74677	293,301.74	149,212.05	265,358.71
9	B07	c1 5/6	53.74677	288,669.11	162,069.31	288,224.06
9	B08	c1 5/6	53.74677	283,080.61	156,613.60	278,521.62
9	B09	c1 5/6	53.74677	281,063.32	146,666.06	260,830.92
9	B10	c1 5/6	53.74677	287,760.65	161,367.89	286,976.66
9	B11	c1 5/6	53.74677	271,384.27	163,996.39	291,651.19
9	B12	c1 5/6	53.74677	231,663.13	141,957.20	252,456.69
9	C01	c3 3/4	53.74677	163,817.81	53,294.55	94,779.02
9	C02	c3 3/4	53.74677	232,668.56	78,870.23	140,262.81
9	C03	c3 3/4	53.74677	256,488.25	71,578.38	127,294.99
9	C04	c3 3/4	53.74677	287,298.04	80,044.84	142,351.73
9	C05	c3 3/4	53.74677	239,965.00	88,107.77	156,690.86
9	C06	c3 3/4	53.74677	252,645.97	64,868.98	115,362.99
9	C07	c3 5/6	53.74677	271,414.36	87,928.03	156,371.22
9	C08	c3 5/6	53.74677	245,522.91	70,736.52	125,797.82
9	C09	c3 5/6	53.74677	277,147.87	39,418.40	70,101.68
9	C10	c3 5/6	53.74677	262,949.57	77,550.40	137,915.63
9	C11	c3 5/6	53.74677	213,109.84	72,439.00	128,825.51
9	C12	c3 5/6	53.74677	184,178.29	48,337.99	85,964.28
9	D01	c2 3/4	53.74677	186,416.31	74,557.77	132,593.54
9	D02	c2 3/4	53.74677	292,547.45	133,494.59	237,406.77
9	D03	c2 3/4	53.74677	306,878.54	99,000.30	176,062.13
9	D04	c2 3/4	53.74677	329,287.23	127,984.05	227,606.83
9	D05	c2 3/4	53.74677	363,231.95	147,938.17	263,093.25
9	D06	c2 3/4	53.74677	338,574.01	148,571.37	264,219.33
9	D07	c2 5/6	53.74677	349,441.00	165,390.04	294,129.65
9	D08	c2 5/6	53.74677	352,786.34	155,013.86	275,676.66
9	D09	c2 5/6	53.74677	329,645.57	136,391.72	242,559.03
9	D10	c2 5/6	53.74677	327,563.94	145,279.42	258,364.91
9	D11	c2 5/6	53.74677	281,209.38	125,908.57	223,915.80
9	D12	c2 5/6	53.74677	237,732.12	82,494.74	146,708.65
9	E01	p11.II.1 3/4	53.74677	139,794.32	88,919.56	158,134.54
9	E02	p11.II.1 3/4	53.74677	196,545.71	135,269.91	240,564.01
9	E03	p11.II.1 3/4	53.74677	185,060.04	118,133.21	210,088.10
9	E04	p11.II.1 3/4	53.74677	181,835.27	118,221.93	210,245.88
9	E05	p11.II.1 3/4	53.74677	205,691.71	130,059.03	231,296.98
9	E06	p11.II.1 3/4	53.74677	170,248.28	83,130.05	147,838.47
9	E07	p11.II.1 5/6	53.74677	182,197.66	132,209.30	235,121.02
9	E08	p11.II.1 5/6	53.74677	181,331.44	137,731.69	244,942.03
9	E09	p11.II.1 5/6	53.74677	180,284.56	128,624.30	228,745.46
9	E10	p11.II.1 5/6	53.74677	189,656.74	134,343.26	238,916.06
9	E11	p11.II.1 5/6	53.74677	177,435.33	117,301.63	208,609.22
9	E12	p11.II.1 5/6	53.74677	135,444.01	63,462.98	112,862.57
9	F01	p4.I.2 3/4	53.74677	70,489.50	35,314.61	62,803.51
9	F02	p4.I.2 3/4	53.74677	84,923.42	37,744.56	67,124.92
9	F03	p4.I.2 3/4	53.74677	109,471.92	52,125.04	92,699.17
9	F04	p4.I.2 3/4	53.74677	108,670.75	45,527.62	80,966.32
9	F05	p4.I.2 3/4	53.74677	111,080.11	49,445.17	87,933.30
9	F06	p4.I.2 3/4	53.74677	104,632.47	42,894.18	76,283.01
9	F07	p4.I.2 5/6	53.74677	136,169.22	47,075.23	83,718.59
9	F08	p4.I.2 5/6	53.74677	126,256.62	43,885.78	78,046.48
9	F09	p4.I.2 5/6	53.74677	128,860.74	46,345.54	82,420.90
9	F10	p4.I.2 5/6	53.74677	121,881.17	40,353.54	71,764.74
9	F11	p4.I.2 5/6	53.74677	130,651.49	37,929.79	67,454.35
9	F12	p4.I.2 5/6	53.74677	91,927.37	24,211.24	43,057.27
9	G01	p4.II.2 3/4	53.74677	60,700.89	35,296.49	62,771.28
9	G02	p4.II.2 3/4	53.74677	95,377.17	40,069.92	71,260.34
9	G03	p4.II.2 3/4	53.74677	89,779.83	41,742.24	74,234.41
9	G04	p4.II.2 3/4	53.74677	90,490.40	40,936.25	72,801.04
9	G05	p4.II.2 3/4	53.74677	78,348.36	41,538.81	73,872.62
9	G06	p4.II.2 3/4	53.74677	76,393.83	38,642.64	68,722.08
9	G07	p4.II.2 5/6	53.74677	86,880.04	49,362.35	87,786.00
9	G08	p4.II.2 5/6	53.74677	87,615.99	40,305.82	71,679.86
9	G09	p4.II.2 5/6	53.74677	102,761.21	54,472.44	96,873.80
9	G10	p4.II.2 5/6	53.74677	105,666.33	37,125.62	66,024.20
9	G11	p4.II.2 5/6	53.74677	75,269.46	29,460.01	52,391.69
9	G12	p4.II.2 5/6	53.74677	82,875.67	45,476.47	80,875.35
9	H01	Background	53.74677	0	0	0
9	H02	Background	53.74677	0	0	0
9	H03	Background	53.74677	0	0	0
9	H04	Background	53.74677	0	0	0
9	H05	Background	53.74677	0	0	0
9	H06	Background	53.74677	0	0	0
9	H07	Background	53.74677	0	0	0
9	H08	Background	53.74677	0	0	0
9	H09	Background	53.74677	0	0	0
9	H10	Background	53.74677	0	0	0
9	H11	Background	53.74677	0	0	0
9	H12	Background	53.74677	0	0	0
10	A01	Background	60.27461	0	0	0
10	A02	Background	60.27461	0	0	0
10	A03	Background	60.27461	0	0	0
10	A04	Background	60.27461	0	0	0
10	A05	Background	60.27461	0	0	0
10	A06	Background	60.27461	0	0	0
10	A07	Background	60.27461	0	0	0
10	A08	Background	60.27461	0	0	0
10	A09	Background	60.27461	0	0	0
10	A10	Background	60.27461	0	0	0
10	A11	Background	60.27461	0	0	0
10	A12	Background	60.27461	0	0	0
10	B01	c1 3/4	60.27461	233,240.01	147,799.75	262,847.08
10	B02	c1 3/4	60.27461	318,151.27	127,589.45	226,905.09
10	B03	c1 3/4	60.27461	292,105.00	130,124.61	231,413.60
10	B04	c1 3/4	60.27461	294,524.05	178,772.04	317,928.19
10	B05	c1 3/4	60.27461	288,766.97	146,166.46	259,942.43
10	B06	c1 3/4	60.27461	290,697.07	159,508.97	283,670.76
10	B07	c1 5/6	60.27461	286,766.38	177,778.82	316,161.86
10	B08	c1 5/6	60.27461	274,156.52	169,101.70	300,730.46
10	B09	c1 5/6	60.27461	274,572.94	161,907.16	287,935.70
10	B10	c1 5/6	60.27461	273,802.71	168,887.69	300,349.87
10	B11	c1 5/6	60.27461	272,652.68	184,920.33	328,862.32
10	B12	c1 5/6	60.27461	229,870.92	144,852.60	257,605.86
10	C01	c3 3/4	60.27461	176,107.17	58,458.15	103,961.97
10	C02	c3 3/4	60.27461	240,692.68	84,235.48	149,804.38
10	C03	c3 3/4	60.27461	266,885.90	79,851.55	142,008.00
10	C04	c3 3/4	60.27461	293,130.96	89,186.47	158,609.21
10	C05	c3 3/4	60.27461	251,554.72	93,687.45	166,613.75
10	C06	c3 3/4	60.27461	263,374.99	74,754.63	132,943.64
10	C07	c3 5/6	60.27461	278,081.08	96,686.52	171,947.31
10	C08	c3 5/6	60.27461	252,247.09	79,600.89	141,562.22
10	C09	c3 5/6	60.27461	275,099.64	51,706.03	91,954.00
10	C10	c3 5/6	60.27461	268,345.32	85,987.62	152,920.39
10	C11	c3 5/6	60.27461	223,165.51	81,258.54	144,510.19
10	C12	c3 5/6	60.27461	187,155.04	47,677.66	84,789.95
10	D01	c2 3/4	60.27461	193,485.52	87,102.89	154,903.77
10	D02	c2 3/4	60.27461	294,333.27	141,165.24	251,048.26
10	D03	c2 3/4	60.27461	308,440.10	105,303.15	187,271.12
10	D04	c2 3/4	60.27461	337,733.39	139,882.05	248,766.23
10	D05	c2 3/4	60.27461	372,835.99	158,435.19	281,761.14
10	D06	c2 3/4	60.27461	343,428.72	159,648.49	283,918.88
10	D07	c2 5/6	60.27461	342,769.72	175,146.82	311,481.10
10	D08	c2 5/6	60.27461	349,892.80	163,334.13	290,473.42
10	D09	c2 5/6	60.27461	319,413.81	144,260.49	256,552.85
10	D10	c2 5/6	60.27461	321,074.72	154,365.17	274,523.03
10	D11	c2 5/6	60.27461	272,935.86	133,611.31	237,614.36
10	D12	c2 5/6	60.27461	240,732.25	83,676.37	148,810.06
10	E01	p11.II.1 3/4	60.27461	144,209.53	101,311.10	180,171.65
10	E02	p11.II.1 3/4	60.27461	201,341.77	144,232.44	256,502.97
10	E03	p11.II.1 3/4	60.27461	187,241.70	126,083.30	224,226.54
10	E04	p11.II.1 3/4	60.27461	186,470.41	129,908.75	231,029.72
10	E05	p11.II.1 3/4	60.27461	209,471.86	141,207.27	251,123.00
10	E06	p11.II.1 3/4	60.27461	174,375.03	111,876.03	198,960.33
10	E07	p11.II.1 5/6	60.27461	184,552.09	141,981.24	252,499.44
10	E08	p11.II.1 5/6	60.27461	185,625.42	144,096.92	256,261.96
10	E09	p11.II.1 5/6	60.27461	179,600.04	139,462.51	248,020.13
10	E10	p11.II.1 5/6	60.27461	189,456.06	144,841.50	257,586.13
10	E11	p11.II.1 5/6	60.27461	177,121.30	131,498.77	233,857.41
10	E12	p11.II.1 5/6	60.27461	138,436.31	68,601.38	122,000.69
10	F01	p4.I.2 3/4	60.27461	74,724.95	40,018.69	71,169.23
10	F02	p4.I.2 3/4	60.27461	91,386.85	42,250.26	75,137.87
10	F03	p4.I.2 3/4	60.27461	114,523.11	56,851.58	101,104.86
10	F04	p4.I.2 3/4	60.27461	113,103.71	50,266.75	89,394.39
10	F05	p4.I.2 3/4	60.27461	113,298.06	56,459.68	100,407.90
10	F06	p4.I.2 3/4	60.27461	107,588.53	49,897.07	88,736.95
10	F07	p4.I.2 5/6	60.27461	144,628.67	52,658.64	93,648.12
10	F08	p4.I.2 5/6	60.27461	135,240.29	50,603.83	89,993.85
10	F09	p4.I.2 5/6	60.27461	134,569.16	52,999.30	94,253.95
10	F10	p4.I.2 5/6	60.27461	127,343.94	46,493.94	82,684.82
10	F11	p4.I.2 5/6	60.27461	134,939.64	43,663.42	77,651.02
10	F12	p4.I.2 5/6	60.27461	96,762.77	25,382.36	45,139.99
10	G01	p4.II.2 3/4	60.27461	66,657.99	37,690.36	67,028.54
10	G02	p4.II.2 3/4	60.27461	102,202.34	43,157.93	76,752.06
10	G03	p4.II.2 3/4	60.27461	93,259.41	44,309.89	78,800.70
10	G04	p4.II.2 3/4	60.27461	95,022.37	47,122.34	83,802.37
10	G05	p4.II.2 3/4	60.27461	84,224.23	46,207.72	82,175.82
10	G06	p4.II.2 3/4	60.27461	76,845.16	42,080.09	74,835.23
10	G07	p4.II.2 5/6	60.27461	91,376.88	53,880.80	95,821.62
10	G08	p4.II.2 5/6	60.27461	91,838.34	44,232.63	78,663.31
10	G09	p4.II.2 5/6	60.27461	105,819.49	57,459.32	102,185.66
10	G10	p4.II.2 5/6	60.27461	109,687.41	41,225.41	73,315.26
10	G11	p4.II.2 5/6	60.27461	80,080.48	31,258.63	55,590.34
10	G12	p4.II.2 5/6	60.27461	86,601.14	47,608.16	84,666.36
10	H01	Background	60.27461	0	0	0
10	H02	Background	60.27461	0	0	0
10	H03	Background	60.27461	0	0	0
10	H04	Background	60.27461	0	0	0
10	H05	Background	60.27461	0	0	0
10	H06	Background	60.27461	0	0	0
10	H07	Background	60.27461	0	0	0
10	H08	Background	60.27461	0	0	0
10	H09	Background	60.27461	0	0	0
10	H10	Background	60.27461	0	0	0
10	H11	Background	60.27461	0	0	0
10	H12	Background	60.27461	0	0	0
11	A01	Background	66.88746	0	0	0
11	A02	Background	66.88746	0	0	0
11	A03	Background	66.88746	0	0	0
11	A04	Background	66.88746	0	0	0
11	A05	Background	66.88746	0	0	0
11	A06	Background	66.88746	0	0	0
11	A07	Background	66.88746	0	0	0
11	A08	Background	66.88746	0	0	0
11	A09	Background	66.88746	0	0	0
11	A10	Background	66.88746	0	0	0
11	A11	Background	66.88746	0	0	0
11	A12	Background	66.88746	0	0	0
11	B01	c1 3/4	66.88746	226,075.88	155,152.87	275,923.86
11	B02	c1 3/4	66.88746	309,341.20	138,290.61	245,936.02
11	B03	c1 3/4	66.88746	275,208.28	141,848.55	252,263.47
11	B04	c1 3/4	66.88746	279,331.73	187,294.11	333,083.84
11	B05	c1 3/4	66.88746	270,643.64	144,774.46	257,466.90
11	B06	c1 3/4	66.88746	283,746.35	160,398.61	285,252.88
11	B07	c1 5/6	66.88746	278,969.08	179,148.85	318,598.32
11	B08	c1 5/6	66.88746	259,784.42	163,042.68	289,955.11
11	B09	c1 5/6	66.88746	264,591.81	147,974.99	263,158.72
11	B10	c1 5/6	66.88746	257,620.44	150,677.17	267,964.28
11	B11	c1 5/6	66.88746	264,984.86	180,615.36	321,206.36
11	B12	c1 5/6	66.88746	230,328.87	157,201.21	279,566.64
11	C01	c3 3/4	66.88746	178,494.16	61,003.54	108,488.69
11	C02	c3 3/4	66.88746	252,225.11	94,434.94	167,943.10
11	C03	c3 3/4	66.88746	298,001.04	89,957.99	159,981.28
11	C04	c3 3/4	66.88746	304,273.75	88,791.43	157,906.68
11	C05	c3 3/4	66.88746	272,790.11	106,547.69	189,484.41
11	C06	c3 3/4	66.88746	297,896.87	76,139.76	135,406.94
11	C07	c3 5/6	66.88746	289,178.67	103,847.53	184,682.45
11	C08	c3 5/6	66.88746	266,283.91	77,059.62	137,042.84
11	C09	c3 5/6	66.88746	267,027.00	42,219.35	75,082.89
11	C10	c3 5/6	66.88746	268,736.50	77,116.38	137,143.77
11	C11	c3 5/6	66.88746	241,796.37	79,491.23	141,367.21
11	C12	c3 5/6	66.88746	181,400.37	47,876.49	85,143.55
11	D01	c2 3/4	66.88746	199,453.40	83,599.30	148,672.99
11	D02	c2 3/4	66.88746	294,640.89	144,832.90	257,570.83
11	D03	c2 3/4	66.88746	338,023.28	111,185.05	197,731.49
11	D04	c2 3/4	66.88746	351,697.33	151,418.84	269,283.27
11	D05	c2 3/4	66.88746	382,553.04	173,455.66	308,473.54
11	D06	c2 3/4	66.88746	352,163.66	175,472.34	312,060.01
11	D07	c2 5/6	66.88746	327,636.01	175,599.99	312,287.01
11	D08	c2 5/6	66.88746	345,967.52	169,614.59	301,642.58
11	D09	c2 5/6	66.88746	303,629.48	139,385.16	247,882.56
11	D10	c2 5/6	66.88746	308,485.54	145,552.80	258,851.09
11	D11	c2 5/6	66.88746	258,602.91	127,624.11	226,966.72
11	D12	c2 5/6	66.88746	234,095.61	88,384.95	157,183.80
11	E01	p11.II.1 3/4	66.88746	151,905.43	107,085.03	190,440.02
11	E02	p11.II.1 3/4	66.88746	204,731.03	158,499.64	281,875.76
11	E03	p11.II.1 3/4	66.88746	161,260.07	132,106.13	234,937.54
11	E04	p11.II.1 3/4	66.88746	192,165.87	131,730.43	234,269.39
11	E05	p11.II.1 3/4	66.88746	210,975.34	153,356.09	272,728.47
11	E06	p11.II.1 3/4	66.88746	190,872.32	145,833.52	259,350.34
11	E07	p11.II.1 5/6	66.88746	182,255.22	139,996.19	248,969.23
11	E08	p11.II.1 5/6	66.88746	167,850.45	147,000.32	261,425.37
11	E09	p11.II.1 5/6	66.88746	181,025.32	140,770.62	250,346.46
11	E10	p11.II.1 5/6	66.88746	183,747.50	141,820.78	252,214.08
11	E11	p11.II.1 5/6	66.88746	177,457.39	124,517.16	221,441.33
11	E12	p11.II.1 5/6	66.88746	137,584.43	70,321.26	125,059.33
11	F01	p4.I.2 3/4	66.88746	79,451.51	41,489.55	73,785.01
11	F02	p4.I.2 3/4	66.88746	95,706.49	41,835.42	74,400.12
11	F03	p4.I.2 3/4	66.88746	119,596.27	55,290.75	98,329.08
11	F04	p4.I.2 3/4	66.88746	119,583.50	47,897.82	85,181.48
11	F05	p4.I.2 3/4	66.88746	122,172.06	54,710.64	97,297.41
11	F06	p4.I.2 3/4	66.88746	113,480.61	40,547.65	72,109.94
11	F07	p4.I.2 5/6	66.88746	142,478.08	44,293.47	78,771.50
11	F08	p4.I.2 5/6	66.88746	138,294.23	41,783.09	74,307.04
11	F09	p4.I.2 5/6	66.88746	139,688.39	41,533.18	73,862.60
11	F10	p4.I.2 5/6	66.88746	130,766.45	37,976.08	67,536.65
11	F11	p4.I.2 5/6	66.88746	134,873.83	36,853.60	65,540.44
11	F12	p4.I.2 5/6	66.88746	94,573.69	26,181.39	46,560.99
11	G01	p4.II.2 3/4	66.88746	61,508.44	37,586.31	66,843.50
11	G02	p4.II.2 3/4	66.88746	87,077.98	41,123.44	73,133.93
11	G03	p4.II.2 3/4	66.88746	95,103.58	45,029.14	80,079.82
11	G04	p4.II.2 3/4	66.88746	96,114.34	43,721.20	77,753.79
11	G05	p4.II.2 3/4	66.88746	86,949.24	48,331.87	85,953.39
11	G06	p4.II.2 3/4	66.88746	81,284.93	39,498.64	70,244.37
11	G07	p4.II.2 5/6	66.88746	98,815.55	56,229.21	99,998.02
11	G08	p4.II.2 5/6	66.88746	95,339.82	42,683.12	75,907.66
11	G09	p4.II.2 5/6	66.88746	107,313.63	54,014.65	96,059.65
11	G10	p4.II.2 5/6	66.88746	110,042.51	34,261.69	60,930.99
11	G11	p4.II.2 5/6	66.88746	79,408.77	28,569.48	50,807.97
11	G12	p4.II.2 5/6	66.88746	87,882.59	48,099.05	85,539.35
11	H01	Background	66.88746	0	0	0
11	H02	Background	66.88746	0	0	0
11	H03	Background	66.88746	0	0	0
11	H04	Background	66.88746	0	0	0
11	H05	Background	66.88746	0	0	0
11	H06	Background	66.88746	0	0	0
11	H07	Background	66.88746	0	0	0
11	H08	Background	66.88746	0	0	0
11	H09	Background	66.88746	0	0	0
11	H10	Background	66.88746	0	0	0
11	H11	Background	66.88746	0	0	0
11	H12	Background	66.88746	0	0	0
12	A01	Background	73.44051	0	0	0
12	A02	Background	73.44051	0	0	0
12	A03	Background	73.44051	0	0	0
12	A04	Background	73.44051	0	0	0
12	A05	Background	73.44051	0	0	0
12	A06	Background	73.44051	0	0	0
12	A07	Background	73.44051	0	0	0
12	A08	Background	73.44051	0	0	0
12	A09	Background	73.44051	0	0	0
12	A10	Background	73.44051	0	0	0
12	A11	Background	73.44051	0	0	0
12	A12	Background	73.44051	0	0	0
12	B01	c1 3/4	73.44051	224,671.46	156,974.51	279,163.47
12	B02	c1 3/4	73.44051	308,858.66	147,857.40	262,949.61
12	B03	c1 3/4	73.44051	273,987.39	141,738.99	252,068.62
12	B04	c1 3/4	73.44051	271,680.28	192,508.44	342,357.00
12	B05	c1 3/4	73.44051	266,695.24	148,581.37	264,237.12
12	B06	c1 3/4	73.44051	277,874.76	162,628.35	289,218.26
12	B07	c1 5/6	73.44051	276,604.19	188,284.85	334,845.78
12	B08	c1 5/6	73.44051	254,364.14	170,630.39	303,449.08
12	B09	c1 5/6	73.44051	262,084.78	159,999.09	284,542.39
12	B10	c1 5/6	73.44051	250,599.81	173,754.06	309,004.23
12	B11	c1 5/6	73.44051	264,939.90	198,440.36	352,906.34
12	B12	c1 5/6	73.44051	232,242.77	172,111.29	306,082.72
12	C01	c3 3/4	73.44051	184,184.01	63,584.40	113,078.49
12	C02	c3 3/4	73.44051	256,710.97	91,815.98	163,285.54
12	C03	c3 3/4	73.44051	302,184.65	91,383.48	162,516.38
12	C04	c3 3/4	73.44051	307,867.00	92,251.82	164,060.63
12	C05	c3 3/4	73.44051	278,625.90	104,050.47	185,043.36
12	C06	c3 3/4	73.44051	300,594.41	79,041.01	140,566.53
12	C07	c3 5/6	73.44051	297,792.46	105,655.45	187,897.66
12	C08	c3 5/6	73.44051	268,325.90	81,590.00	145,099.66
12	C09	c3 5/6	73.44051	268,804.88	47,163.96	83,876.39
12	C10	c3 5/6	73.44051	270,515.92	86,308.57	153,491.16
12	C11	c3 5/6	73.44051	245,367.32	82,679.72	147,037.61
12	C12	c3 5/6	73.44051	183,933.29	48,190.25	85,701.55
12	D01	c2 3/4	73.44051	203,855.21	84,442.95	150,173.35
12	D02	c2 3/4	73.44051	301,650.38	147,073.30	261,555.16
12	D03	c2 3/4	73.44051	338,158.12	112,793.80	200,592.49
12	D04	c2 3/4	73.44051	353,660.25	153,585.49	273,136.44
12	D05	c2 3/4	73.44051	384,256.23	174,327.55	310,024.12
12	D06	c2 3/4	73.44051	353,073.38	172,853.69	307,403.00
12	D07	c2 5/6	73.44051	325,463.73	175,102.25	311,401.84
12	D08	c2 5/6	73.44051	342,195.94	170,070.87	302,454.03
12	D09	c2 5/6	73.44051	298,296.05	141,589.27	251,802.36
12	D10	c2 5/6	73.44051	304,512.02	151,463.52	269,362.73
12	D11	c2 5/6	73.44051	252,098.71	134,044.59	238,384.90
12	D12	c2 5/6	73.44051	234,024.39	90,565.08	161,060.93
12	E01	p11.II.1 3/4	73.44051	149,520.76	106,700.32	189,755.85
12	E02	p11.II.1 3/4	73.44051	205,225.43	154,072.89	274,003.23
12	E03	p11.II.1 3/4	73.44051	161,846.26	133,682.18	237,740.38
12	E04	p11.II.1 3/4	73.44051	191,140.68	139,164.72	247,490.54
12	E05	p11.II.1 3/4	73.44051	212,239.90	153,155.62	272,371.95
12	E06	p11.II.1 3/4	73.44051	190,337.44	149,645.42	266,129.41
12	E07	p11.II.1 5/6	73.44051	181,083.97	143,107.82	254,502.95
12	E08	p11.II.1 5/6	73.44051	174,646.05	147,870.94	262,973.68
12	E09	p11.II.1 5/6	73.44051	181,051.54	144,486.99	256,955.67
12	E10	p11.II.1 5/6	73.44051	181,919.94	148,325.28	263,781.68
12	E11	p11.II.1 5/6	73.44051	176,058.23	132,406.04	235,470.91
12	E12	p11.II.1 5/6	73.44051	138,297.79	67,363.67	119,799.55
12	F01	p4.I.2 3/4	73.44051	82,077.37	40,990.37	72,897.27
12	F02	p4.I.2 3/4	73.44051	97,696.73	41,408.77	73,641.35
12	F03	p4.I.2 3/4	73.44051	125,224.52	57,609.35	102,452.47
12	F04	p4.I.2 3/4	73.44051	123,973.64	52,069.24	92,599.93
12	F05	p4.I.2 3/4	73.44051	126,813.22	59,046.41	105,008.13
12	F06	p4.I.2 3/4	73.44051	117,551.68	48,474.99	86,207.92
12	F07	p4.I.2 5/6	73.44051	147,419.41	51,124.11	90,919.12
12	F08	p4.I.2 5/6	73.44051	142,779.10	50,610.85	90,006.34
12	F09	p4.I.2 5/6	73.44051	143,491.96	50,689.92	90,146.96
12	F10	p4.I.2 5/6	73.44051	136,061.80	47,107.47	83,775.93
12	F11	p4.I.2 5/6	73.44051	139,060.30	43,713.77	77,740.57
12	F12	p4.I.2 5/6	73.44051	101,391.25	27,198.73	48,370.21
12	G01	p4.II.2 3/4	73.44051	66,797.85	40,230.44	71,545.81
12	G02	p4.II.2 3/4	73.44051	91,874.05	46,859.64	83,335.18
12	G03	p4.II.2 3/4	73.44051	96,592.02	45,286.87	80,538.17
12	G04	p4.II.2 3/4	73.44051	101,592.81	48,556.31	86,352.53
12	G05	p4.II.2 3/4	73.44051	91,374.23	49,619.93	88,244.09
12	G06	p4.II.2 3/4	73.44051	84,736.35	45,929.30	81,680.67
12	G07	p4.II.2 5/6	73.44051	101,600.89	57,141.88	101,621.13
12	G08	p4.II.2 5/6	73.44051	97,232.45	47,143.01	83,839.13
12	G09	p4.II.2 5/6	73.44051	109,660.38	57,490.23	102,240.62
12	G10	p4.II.2 5/6	73.44051	112,768.52	39,305.00	69,900.02
12	G11	p4.II.2 5/6	73.44051	84,513.26	31,533.11	56,078.48
12	G12	p4.II.2 5/6	73.44051	91,826.19	49,519.96	88,066.30
12	H01	Background	73.44051	0	0	0
12	H02	Background	73.44051	0	0	0
12	H03	Background	73.44051	0	0	0
12	H04	Background	73.44051	0	0	0
12	H05	Background	73.44051	0	0	0
12	H06	Background	73.44051	0	0	0
12	H07	Background	73.44051	0	0	0
12	H08	Background	73.44051	0	0	0
12	H09	Background	73.44051	0	0	0
12	H10	Background	73.44051	0	0	0
12	H11	Background	73.44051	0	0	0
12	H12	Background	73.44051	0	0	0
13	A01	Background	79.9699	0	0	0
13	A02	Background	79.9699	0	0	0
13	A03	Background	79.9699	0	0	0
13	A04	Background	79.9699	0	0	0
13	A05	Background	79.9699	0	0	0
13	A06	Background	79.9699	0	0	0
13	A07	Background	79.9699	0	0	0
13	A08	Background	79.9699	0	0	0
13	A09	Background	79.9699	0	0	0
13	A10	Background	79.9699	0	0	0
13	A11	Background	79.9699	0	0	0
13	A12	Background	79.9699	0	0	0
13	B01	c1 3/4	79.9699	221,249.27	159,994.28	284,533.83
13	B02	c1 3/4	79.9699	305,854.53	150,401.44	267,473.92
13	B03	c1 3/4	79.9699	270,117.58	144,566.87	257,097.71
13	B04	c1 3/4	79.9699	266,720.80	195,126.83	347,013.55
13	B05	c1 3/4	79.9699	256,725.34	156,045.09	277,510.58
13	B06	c1 3/4	79.9699	270,177.99	161,917.77	287,954.57
13	B07	c1 5/6	79.9699	267,032.59	193,628.13	344,348.27
13	B08	c1 5/6	79.9699	245,790.22	179,870.31	319,881.36
13	B09	c1 5/6	79.9699	254,821.33	169,869.95	302,096.72
13	B10	c1 5/6	79.9699	241,269.92	173,856.23	309,185.91
13	B11	c1 5/6	79.9699	259,640.21	197,511.88	351,255.14
13	B12	c1 5/6	79.9699	226,207.33	178,523.52	317,486.23
13	C01	c3 3/4	79.9699	190,316.55	63,834.23	113,522.79
13	C02	c3 3/4	79.9699	261,921.22	93,704.23	166,643.61
13	C03	c3 3/4	79.9699	306,950.48	95,017.86	168,979.76
13	C04	c3 3/4	79.9699	310,584.13	96,707.92	171,985.37
13	C05	c3 3/4	79.9699	285,099.31	105,744.58	188,056.16
13	C06	c3 3/4	79.9699	301,280.06	83,478.59	148,458.32
13	C07	c3 5/6	79.9699	298,498.62	107,589.33	191,336.86
13	C08	c3 5/6	79.9699	270,750.27	84,621.49	150,490.86
13	C09	c3 5/6	79.9699	263,830.61	53,296.24	94,782.04
13	C10	c3 5/6	79.9699	268,975.20	91,494.52	162,713.85
13	C11	c3 5/6	79.9699	247,285.74	85,857.28	152,688.58
13	C12	c3 5/6	79.9699	184,442.38	48,651.69	86,522.17
13	D01	c2 3/4	79.9699	206,939.53	88,695.83	157,736.66
13	D02	c2 3/4	79.9699	304,113.28	150,389.65	267,452.95
13	D03	c2 3/4	79.9699	340,962.31	118,309.02	210,400.77
13	D04	c2 3/4	79.9699	356,898.51	155,713.16	276,920.29
13	D05	c2 3/4	79.9699	385,178.89	177,962.54	316,488.59
13	D06	c2 3/4	79.9699	351,497.08	174,929.11	311,093.94
13	D07	c2 5/6	79.9699	314,410.71	177,807.22	316,212.37
13	D08	c2 5/6	79.9699	336,938.55	173,880.62	309,229.29
13	D09	c2 5/6	79.9699	290,502.83	146,773.90	261,022.70
13	D10	c2 5/6	79.9699	297,086.47	154,703.61	275,124.91
13	D11	c2 5/6	79.9699	244,726.58	135,447.70	240,880.19
13	D12	c2 5/6	79.9699	234,532.70	85,342.89	151,773.79
13	E01	p11.II.1 3/4	79.9699	149,713.97	109,489.80	194,716.65
13	E02	p11.II.1 3/4	79.9699	205,790.78	154,198.93	274,227.37
13	E03	p11.II.1 3/4	79.9699	163,288.93	136,021.95	241,901.43
13	E04	p11.II.1 3/4	79.9699	192,935.43	143,766.65	255,674.60
13	E05	p11.II.1 3/4	79.9699	217,061.90	155,157.06	275,931.32
13	E06	p11.II.1 3/4	79.9699	188,793.19	156,102.30	277,612.33
13	E07	p11.II.1 5/6	79.9699	177,052.94	144,664.89	257,272.05
13	E08	p11.II.1 5/6	79.9699	170,877.55	149,681.80	266,194.12
13	E09	p11.II.1 5/6	79.9699	179,734.41	148,047.54	263,287.75
13	E10	p11.II.1 5/6	79.9699	177,124.28	149,119.03	265,193.28
13	E11	p11.II.1 5/6	79.9699	175,053.66	137,202.98	244,001.78
13	E12	p11.II.1 5/6	79.9699	136,675.32	69,015.74	122,737.58
13	F01	p4.I.2 3/4	79.9699	84,720.50	40,636.35	72,267.68
13	F02	p4.I.2 3/4	79.9699	99,423.63	43,581.97	77,506.17
13	F03	p4.I.2 3/4	79.9699	132,475.37	59,229.40	105,333.57
13	F04	p4.I.2 3/4	79.9699	127,186.72	54,814.39	97,481.91
13	F05	p4.I.2 3/4	79.9699	132,293.52	62,107.68	110,452.29
13	F06	p4.I.2 3/4	79.9699	119,785.59	52,584.27	93,515.87
13	F07	p4.I.2 5/6	79.9699	147,663.59	53,985.70	96,008.17
13	F08	p4.I.2 5/6	79.9699	147,008.06	53,258.32	94,714.60
13	F09	p4.I.2 5/6	79.9699	146,901.93	55,817.87	99,266.50
13	F10	p4.I.2 5/6	79.9699	138,893.89	50,188.25	89,254.79
13	F11	p4.I.2 5/6	79.9699	140,288.05	43,800.56	77,894.92
13	F12	p4.I.2 5/6	79.9699	102,736.08	27,851.08	49,530.35
13	G01	p4.II.2 3/4	79.9699	69,459.25	40,921.06	72,774.01
13	G02	p4.II.2 3/4	79.9699	94,635.08	46,930.71	83,461.58
13	G03	p4.II.2 3/4	79.9699	100,849.27	46,749.60	83,139.50
13	G04	p4.II.2 3/4	79.9699	104,001.95	50,555.26	89,907.47
13	G05	p4.II.2 3/4	79.9699	94,779.60	50,612.89	90,009.97
13	G06	p4.II.2 3/4	79.9699	88,064.33	46,942.20	83,482.01
13	G07	p4.II.2 5/6	79.9699	101,761.76	58,616.27	104,243.18
13	G08	p4.II.2 5/6	79.9699	99,039.79	47,046.99	83,668.36
13	G09	p4.II.2 5/6	79.9699	112,266.16	58,717.61	104,423.39
13	G10	p4.II.2 5/6	79.9699	113,111.95	39,282.22	69,859.51
13	G11	p4.II.2 5/6	79.9699	85,110.79	31,612.41	56,219.50
13	G12	p4.II.2 5/6	79.9699	94,304.61	50,033.99	88,980.44
13	H01	Background	79.9699	0	0	0
13	H02	Background	79.9699	0	0	0
13	H03	Background	79.9699	0	0	0
13	H04	Background	79.9699	0	0	0
13	H05	Background	79.9699	0	0	0
13	H06	Background	79.9699	0	0	0
13	H07	Background	79.9699	0	0	0
13	H08	Background	79.9699	0	0	0
13	H09	Background	79.9699	0	0	0
13	H10	Background	79.9699	0	0	0
13	H11	Background	79.9699	0	0	0
13	H12	Background	79.9699	0	0	0
14	A01	Background	86.61733	0	0	0
14	A02	Background	86.61733	0	0	0
14	A03	Background	86.61733	0	0	0
14	A04	Background	86.61733	0	0	0
14	A05	Background	86.61733	0	0	0
14	A06	Background	86.61733	0	0	0
14	A07	Background	86.61733	0	0	0
14	A08	Background	86.61733	0	0	0
14	A09	Background	86.61733	0	0	0
14	A10	Background	86.61733	0	0	0
14	A11	Background	86.61733	0	0	0
14	A12	Background	86.61733	0	0	0
14	B01	c1 3/4	86.61733	42,691.10	146,122.90	259,864.97
14	B02	c1 3/4	86.61733	59,969.20	130,683.40	232,407.35
14	B03	c1 3/4	86.61733	54,749.37	126,909.54	225,695.93
14	B04	c1 3/4	86.61733	63,607.97	174,664.09	310,622.61
14	B05	c1 3/4	86.61733	40,813.81	134,336.38	238,903.81
14	B06	c1 3/4	86.61733	45,342.30	148,126.79	263,428.68
14	B07	c1 5/6	86.61733	46,619.12	171,489.49	304,976.91
14	B08	c1 5/6	86.61733	51,894.34	149,781.79	266,371.93
14	B09	c1 5/6	86.61733	44,922.12	142,557.27	253,523.85
14	B10	c1 5/6	86.61733	45,477.32	143,664.36	255,492.70
14	B11	c1 5/6	86.61733	47,467.92	174,939.37	311,112.18
14	B12	c1 5/6	86.61733	38,115.45	155,593.82	276,708.05
14	C01	c3 3/4	86.61733	29,289.60	51,891.93	92,284.62
14	C02	c3 3/4	86.61733	42,200.26	78,013.50	138,739.21
14	C03	c3 3/4	86.61733	43,962.24	70,586.10	125,530.33
14	C04	c3 3/4	86.61733	44,981.04	67,056.14	119,252.65
14	C05	c3 3/4	86.61733	40,732.40	86,916.85	154,572.92
14	C06	c3 3/4	86.61733	44,163.79	61,781.40	109,872.04
14	C07	c3 5/6	86.61733	44,810.82	85,226.41	151,566.64
14	C08	c3 5/6	86.61733	39,697.64	58,950.90	104,838.28
14	C09	c3 5/6	86.61733	38,016.16	30,778.81	54,737.04
14	C10	c3 5/6	86.61733	38,371.33	63,321.92	112,611.70
14	C11	c3 5/6	86.61733	35,955.29	59,874.20	106,480.28
14	C12	c3 5/6	86.61733	26,957.17	37,964.99	67,516.94
14	D01	c2 3/4	86.61733	34,665.71	76,696.34	136,396.78
14	D02	c2 3/4	86.61733	44,805.41	140,486.01	249,840.32
14	D03	c2 3/4	86.61733	52,582.71	106,362.97	189,155.91
14	D04	c2 3/4	86.61733	53,881.34	133,895.94	238,120.54
14	D05	c2 3/4	86.61733	49,590.12	154,653.85	275,036.41
14	D06	c2 3/4	86.61733	52,037.31	156,027.55	277,479.40
14	D07	c2 5/6	86.61733	40,092.19	151,243.03	268,970.61
14	D08	c2 5/6	86.61733	42,410.45	148,039.19	263,272.90
14	D09	c2 5/6	86.61733	40,523.69	119,730.62	212,928.94
14	D10	c2 5/6	86.61733	50,692.91	130,722.57	232,477.01
14	D11	c2 5/6	86.61733	40,627.90	110,646.91	196,774.47
14	D12	c2 5/6	86.61733	28,701.03	75,626.29	134,493.79
14	E01	p11.II.1 3/4	86.61733	20,010.15	102,321.85	181,969.19
14	E02	p11.II.1 3/4	86.61733	41,995.03	149,421.01	265,730.33
14	E03	p11.II.1 3/4	86.61733	29,891.48	129,522.44	230,342.70
14	E04	p11.II.1 3/4	86.61733	29,973.51	129,307.14	229,959.83
14	E05	p11.II.1 3/4	86.61733	35,543.90	147,148.96	261,689.72
14	E06	p11.II.1 3/4	86.61733	32,728.11	149,407.95	265,707.10
14	E07	p11.II.1 5/6	86.61733	28,579.65	130,154.63	231,467.00
14	E08	p11.II.1 5/6	86.61733	-3,437.66	134,574.08	239,326.55
14	E09	p11.II.1 5/6	86.61733	27,730.83	132,060.26	234,855.96
14	E10	p11.II.1 5/6	86.61733	28,070.20	133,262.37	236,993.80
14	E11	p11.II.1 5/6	86.61733	31,288.20	121,601.22	216,255.61
14	E12	p11.II.1 5/6	86.61733	21,907.36	70,122.08	124,705.10
14	F01	p4.I.2 3/4	86.61733	18,528.53	38,948.60	69,266.19
14	F02	p4.I.2 3/4	86.61733	5,045.90	40,029.07	71,187.69
14	F03	p4.I.2 3/4	86.61733	30,708.48	55,364.04	98,459.41
14	F04	p4.I.2 3/4	86.61733	24,993.30	48,037.13	85,429.24
14	F05	p4.I.2 3/4	86.61733	30,388.27	53,561.75	95,254.21
14	F06	p4.I.2 3/4	86.61733	25,885.54	41,400.47	73,626.60
14	F07	p4.I.2 5/6	86.61733	31,827.46	34,626.84	61,580.38
14	F08	p4.I.2 5/6	86.61733	25,209.19	35,926.64	63,891.93
14	F09	p4.I.2 5/6	86.61733	31,821.99	37,413.17	66,535.59
14	F10	p4.I.2 5/6	86.61733	22,966.85	33,914.32	60,313.23
14	F11	p4.I.2 5/6	86.61733	22,734.06	29,876.80	53,132.90
14	F12	p4.I.2 5/6	86.61733	25,001.15	25,478.28	45,310.57
14	G01	p4.II.2 3/4	86.61733	14,657.65	37,342.56	66,410.01
14	G02	p4.II.2 3/4	86.61733	26,890.66	40,268.86	71,614.14
14	G03	p4.II.2 3/4	86.61733	29,054.79	43,207.52	76,840.25
14	G04	p4.II.2 3/4	86.61733	27,028.52	42,368.92	75,348.88
14	G05	p4.II.2 3/4	86.61733	18,412.18	48,699.28	86,606.80
14	G06	p4.II.2 3/4	86.61733	22,854.11	41,587.79	73,959.73
14	G07	p4.II.2 5/6	86.61733	21,174.18	51,044.49	90,777.52
14	G08	p4.II.2 5/6	86.61733	29,236.86	37,545.66	66,771.21
14	G09	p4.II.2 5/6	86.61733	22,353.09	48,683.33	86,578.43
14	G10	p4.II.2 5/6	86.61733	26,715.32	30,818.01	54,806.74
14	G11	p4.II.2 5/6	86.61733	19,385.63	28,583.72	50,833.29
14	G12	p4.II.2 5/6	86.61733	14,445.52	42,046.69	74,775.83
14	H01	Background	86.61733	0	0	0
14	H02	Background	86.61733	0	0	0
14	H03	Background	86.61733	0	0	0
14	H04	Background	86.61733	0	0	0
14	H05	Background	86.61733	0	0	0
14	H06	Background	86.61733	0	0	0
14	H07	Background	86.61733	0	0	0
14	H08	Background	86.61733	0	0	0
14	H09	Background	86.61733	0	0	0
14	H10	Background	86.61733	0	0	0
14	H11	Background	86.61733	0	0	0
14	H12	Background	86.61733	0	0	0
15	A01	Background	93.15452	0	0	0
15	A02	Background	93.15452	0	0	0
15	A03	Background	93.15452	0	0	0
15	A04	Background	93.15452	0	0	0
15	A05	Background	93.15452	0	0	0
15	A06	Background	93.15452	0	0	0
15	A07	Background	93.15452	0	0	0
15	A08	Background	93.15452	0	0	0
15	A09	Background	93.15452	0	0	0
15	A10	Background	93.15452	0	0	0
15	A11	Background	93.15452	0	0	0
15	A12	Background	93.15452	0	0	0
15	B01	c1 3/4	93.15452	42,592.43	145,333.25	258,460.64
15	B02	c1 3/4	93.15452	55,883.04	139,202.97	247,558.56
15	B03	c1 3/4	93.15452	52,189.30	133,586.25	237,569.78
15	B04	c1 3/4	93.15452	59,723.90	174,912.34	311,064.11
15	B05	c1 3/4	93.15452	37,224.46	134,980.82	240,049.90
15	B06	c1 3/4	93.15452	42,177.09	149,505.01	265,879.71
15	B07	c1 5/6	93.15452	45,594.93	170,268.59	302,805.65
15	B08	c1 5/6	93.15452	48,109.16	157,082.25	279,355.08
15	B09	c1 5/6	93.15452	40,376.94	134,251.28	238,752.47
15	B10	c1 5/6	93.15452	41,882.90	152,469.91	271,152.48
15	B11	c1 5/6	93.15452	48,579.82	174,586.94	310,485.41
15	B12	c1 5/6	93.15452	37,542.04	154,625.03	274,985.15
15	C01	c3 3/4	93.15452	29,879.63	50,232.89	89,334.17
15	C02	c3 3/4	93.15452	40,053.83	75,652.89	134,541.11
15	C03	c3 3/4	93.15452	44,708.75	70,372.71	125,150.83
15	C04	c3 3/4	93.15452	44,660.99	69,539.38	123,668.84
15	C05	c3 3/4	93.15452	42,361.29	82,947.52	147,513.86
15	C06	c3 3/4	93.15452	43,763.22	62,430.15	111,025.79
15	C07	c3 5/6	93.15452	45,219.51	83,761.95	148,962.25
15	C08	c3 5/6	93.15452	36,949.91	58,046.22	103,229.39
15	C09	c3 5/6	93.15452	37,962.37	39,592.94	70,412.09
15	C10	c3 5/6	93.15452	37,593.14	67,133.24	119,389.76
15	C11	c3 5/6	93.15452	35,247.08	56,593.74	100,646.31
15	C12	c3 5/6	93.15452	27,717.62	38,057.79	67,681.98
15	D01	c2 3/4	93.15452	35,004.77	80,021.65	142,310.50
15	D02	c2 3/4	93.15452	44,789.54	137,327.35	244,222.95
15	D03	c2 3/4	93.15452	56,020.95	106,673.29	189,707.78
15	D04	c2 3/4	93.15452	55,082.83	136,008.70	241,877.87
15	D05	c2 3/4	93.15452	56,245.98	150,783.41	268,153.22
15	D06	c2 3/4	93.15452	52,952.37	150,912.60	268,382.96
15	D07	c2 5/6	93.15452	41,092.77	148,930.95	264,858.80
15	D08	c2 5/6	93.15452	45,552.38	143,871.98	255,861.93
15	D09	c2 5/6	93.15452	41,669.93	119,303.73	212,169.75
15	D10	c2 5/6	93.15452	50,946.33	128,397.10	228,341.39
15	D11	c2 5/6	93.15452	42,858.62	110,702.78	196,873.82
15	D12	c2 5/6	93.15452	31,172.54	68,775.01	122,309.48
15	E01	p11.II.1 3/4	93.15452	21,401.82	101,634.41	180,746.63
15	E02	p11.II.1 3/4	93.15452	41,302.62	143,531.34	255,256.13
15	E03	p11.II.1 3/4	93.15452	26,577.48	127,168.29	226,156.08
15	E04	p11.II.1 3/4	93.15452	28,322.25	130,956.94	232,893.82
15	E05	p11.II.1 3/4	93.15452	35,760.23	143,509.17	255,216.70
15	E06	p11.II.1 3/4	93.15452	35,009.65	147,026.01	261,471.05
15	E07	p11.II.1 5/6	93.15452	27,399.83	130,363.51	231,838.46
15	E08	p11.II.1 5/6	93.15452	7,325.77	132,128.84	234,977.92
15	E09	p11.II.1 5/6	93.15452	28,393.57	131,924.23	234,614.05
15	E10	p11.II.1 5/6	93.15452	29,858.23	131,910.71	234,590.01
15	E11	p11.II.1 5/6	93.15452	28,681.57	120,472.40	214,248.12
15	E12	p11.II.1 5/6	93.15452	25,075.88	74,384.90	132,286.11
15	F01	p4.I.2 3/4	93.15452	18,468.70	37,973.56	67,532.19
15	F02	p4.I.2 3/4	93.15452	6,498.68	40,625.33	72,248.08
15	F03	p4.I.2 3/4	93.15452	30,204.90	54,802.69	97,461.10
15	F04	p4.I.2 3/4	93.15452	24,386.70	47,675.29	84,785.74
15	F05	p4.I.2 3/4	93.15452	31,471.24	54,374.69	96,699.96
15	F06	p4.I.2 3/4	93.15452	24,159.20	45,793.68	81,439.49
15	F07	p4.I.2 5/6	93.15452	30,905.91	38,766.02	68,941.50
15	F08	p4.I.2 5/6	93.15452	23,527.35	40,310.66	71,688.48
15	F09	p4.I.2 5/6	93.15452	31,104.47	41,259.85	73,376.53
15	F10	p4.I.2 5/6	93.15452	24,426.84	37,377.14	66,471.51
15	F11	p4.I.2 5/6	93.15452	25,146.53	32,706.90	58,165.94
15	F12	p4.I.2 5/6	93.15452	23,168.08	24,752.12	44,019.17
15	G01	p4.II.2 3/4	93.15452	15,097.53	36,923.50	65,664.75
15	G02	p4.II.2 3/4	93.15452	25,725.91	40,485.22	71,998.92
15	G03	p4.II.2 3/4	93.15452	26,798.60	42,307.85	75,240.29
15	G04	p4.II.2 3/4	93.15452	27,388.47	43,658.85	77,642.91
15	G05	p4.II.2 3/4	93.15452	19,618.53	46,773.52	83,182.02
15	G06	p4.II.2 3/4	93.15452	22,675.77	41,790.74	74,320.65
15	G07	p4.II.2 5/6	93.15452	22,895.04	50,339.11	89,523.07
15	G08	p4.II.2 5/6	93.15452	28,894.24	38,008.32	67,593.99
15	G09	p4.II.2 5/6	93.15452	20,838.36	48,730.31	86,661.98
15	G10	p4.II.2 5/6	93.15452	25,423.22	30,049.61	53,440.22
15	G11	p4.II.2 5/6	93.15452	20,303.18	26,635.86	47,369.21
15	G12	p4.II.2 5/6	93.15452	15,850.35	42,098.15	74,867.36
15	H01	Background	93.15452	0	0	0
15	H02	Background	93.15452	0	0	0
15	H03	Background	93.15452	0	0	0
15	H04	Background	93.15452	0	0	0
15	H05	Background	93.15452	0	0	0
15	H06	Background	93.15452	0	0	0
15	H07	Background	93.15452	0	0	0
15	H08	Background	93.15452	0	0	0
15	H09	Background	93.15452	0	0	0
15	H10	Background	93.15452	0	0	0
15	H11	Background	93.15452	0	0	0
15	H12	Background	93.15452	0	0	0
16	A01	Background	99.67196	0	0	0
16	A02	Background	99.67196	0	0	0
16	A03	Background	99.67196	0	0	0
16	A04	Background	99.67196	0	0	0
16	A05	Background	99.67196	0	0	0
16	A06	Background	99.67196	0	0	0
16	A07	Background	99.67196	0	0	0
16	A08	Background	99.67196	0	0	0
16	A09	Background	99.67196	0	0	0
16	A10	Background	99.67196	0	0	0
16	A11	Background	99.67196	0	0	0
16	A12	Background	99.67196	0	0	0
16	B01	c1 3/4	99.67196	42,189.61	144,933.67	257,750.04
16	B02	c1 3/4	99.67196	54,744.43	116,904.45	207,902.87
16	B03	c1 3/4	99.67196	50,674.89	114,735.75	204,046.05
16	B04	c1 3/4	99.67196	56,108.64	168,964.12	300,485.79
16	B05	c1 3/4	99.67196	36,835.99	131,473.28	233,812.07
16	B06	c1 3/4	99.67196	39,652.05	145,508.34	258,772.03
16	B07	c1 5/6	99.67196	43,683.58	167,083.13	297,140.63
16	B08	c1 5/6	99.67196	49,513.29	150,464.79	267,586.58
16	B09	c1 5/6	99.67196	35,747.54	134,207.31	238,674.29
16	B10	c1 5/6	99.67196	42,646.73	149,942.63	266,657.97
16	B11	c1 5/6	99.67196	45,297.31	169,743.76	301,872.30
16	B12	c1 5/6	99.67196	35,427.93	140,077.23	249,113.35
16	C01	c3 3/4	99.67196	27,609.43	50,039.52	88,990.28
16	C02	c3 3/4	99.67196	39,655.61	73,268.54	130,300.78
16	C03	c3 3/4	99.67196	43,529.94	69,938.52	124,378.67
16	C04	c3 3/4	99.67196	42,149.29	68,112.54	121,131.34
16	C05	c3 3/4	99.67196	41,376.26	80,735.88	143,580.68
16	C06	c3 3/4	99.67196	44,366.88	62,825.16	111,728.26
16	C07	c3 5/6	99.67196	43,826.08	81,919.98	145,686.50
16	C08	c3 5/6	99.67196	35,355.32	59,293.01	105,446.69
16	C09	c3 5/6	99.67196	34,948.15	40,177.33	71,451.37
16	C10	c3 5/6	99.67196	36,778.97	64,181.25	114,139.94
16	C11	c3 5/6	99.67196	34,009.47	55,943.33	99,489.61
16	C12	c3 5/6	99.67196	25,844.10	30,839.09	54,844.24
16	D01	c2 3/4	99.67196	31,590.85	83,294.57	148,131.06
16	D02	c2 3/4	99.67196	44,500.06	135,064.71	240,199.08
16	D03	c2 3/4	99.67196	52,652.21	107,432.19	191,057.42
16	D04	c2 3/4	99.67196	53,900.10	135,517.85	241,004.94
16	D05	c2 3/4	99.67196	55,598.66	151,173.08	268,846.21
16	D06	c2 3/4	99.67196	51,712.54	150,214.46	267,141.39
16	D07	c2 5/6	99.67196	37,773.78	149,481.81	265,838.45
16	D08	c2 5/6	99.67196	45,188.69	143,435.81	255,086.24
16	D09	c2 5/6	99.67196	39,107.63	121,336.76	215,785.30
16	D10	c2 5/6	99.67196	50,971.68	127,331.49	226,446.32
16	D11	c2 5/6	99.67196	41,851.41	109,529.93	194,788.03
16	D12	c2 5/6	99.67196	30,722.51	68,947.78	122,616.73
16	E01	p11.II.1 3/4	99.67196	18,598.38	101,055.46	179,717.03
16	E02	p11.II.1 3/4	99.67196	41,571.54	141,112.47	250,954.42
16	E03	p11.II.1 3/4	99.67196	26,392.28	126,225.38	224,479.22
16	E04	p11.II.1 3/4	99.67196	27,676.97	130,628.01	232,308.85
16	E05	p11.II.1 3/4	99.67196	33,953.98	141,659.29	251,926.88
16	E06	p11.II.1 3/4	99.67196	32,150.31	148,496.75	264,086.63
16	E07	p11.II.1 5/6	99.67196	26,610.67	130,189.94	231,529.79
16	E08	p11.II.1 5/6	99.67196	5,344.17	131,812.07	234,414.59
16	E09	p11.II.1 5/6	99.67196	25,023.03	132,263.74	235,217.84
16	E10	p11.II.1 5/6	99.67196	26,424.97	130,046.56	231,274.81
16	E11	p11.II.1 5/6	99.67196	29,224.70	118,752.10	211,188.74
16	E12	p11.II.1 5/6	99.67196	22,969.71	61,012.04	108,503.80
16	F01	p4.I.2 3/4	99.67196	17,969.90	36,304.99	64,564.79
16	F02	p4.I.2 3/4	99.67196	1,516.25	38,075.86	67,714.11
16	F03	p4.I.2 3/4	99.67196	29,390.75	53,683.32	95,470.42
16	F04	p4.I.2 3/4	99.67196	24,107.78	46,369.52	82,463.56
16	F05	p4.I.2 3/4	99.67196	29,831.20	53,360.09	94,895.59
16	F06	p4.I.2 3/4	99.67196	21,819.63	43,947.33	78,155.93
16	F07	p4.I.2 5/6	99.67196	31,696.76	37,579.92	66,832.12
16	F08	p4.I.2 5/6	99.67196	24,171.22	40,327.51	71,718.44
16	F09	p4.I.2 5/6	99.67196	28,510.13	41,283.38	73,418.36
16	F10	p4.I.2 5/6	99.67196	24,932.16	36,988.87	65,781.00
16	F11	p4.I.2 5/6	99.67196	23,815.76	30,348.88	53,972.44
16	F12	p4.I.2 5/6	99.67196	21,760.66	23,806.02	42,336.63
16	G01	p4.II.2 3/4	99.67196	14,542.45	35,708.87	63,504.66
16	G02	p4.II.2 3/4	99.67196	23,950.87	38,568.28	68,589.84
16	G03	p4.II.2 3/4	99.67196	25,241.72	41,120.00	73,127.81
16	G04	p4.II.2 3/4	99.67196	24,217.05	43,166.90	76,768.01
16	G05	p4.II.2 3/4	99.67196	19,098.72	46,335.70	82,403.41
16	G06	p4.II.2 3/4	99.67196	23,088.02	40,971.42	72,863.57
16	G07	p4.II.2 5/6	99.67196	24,364.91	48,702.02	86,611.67
16	G08	p4.II.2 5/6	99.67196	27,330.31	36,920.73	65,659.83
16	G09	p4.II.2 5/6	99.67196	17,756.42	48,079.75	85,505.02
16	G10	p4.II.2 5/6	99.67196	24,759.66	29,595.90	52,633.36
16	G11	p4.II.2 5/6	99.67196	17,239.42	25,340.70	45,065.90
16	G12	p4.II.2 5/6	99.67196	15,985.23	40,633.62	72,262.82
16	H01	Background	99.67196	0	0	0
16	H02	Background	99.67196	0	0	0
16	H03	Background	99.67196	0	0	0
16	H04	Background	99.67196	0	0	0
16	H05	Background	99.67196	0	0	0
16	H06	Background	99.67196	0	0	0
16	H07	Background	99.67196	0	0	0
16	H08	Background	99.67196	0	0	0
16	H09	Background	99.67196	0	0	0
16	H10	Background	99.67196	0	0	0
16	H11	Background	99.67196	0	0	0
16	H12	Background	99.67196	0	0	0
