time	well1	fibro_id	time_exact	ocr	ecar	ppr
1	A01	Background	1.30962	0	0	0
1	A02	Background	1.30962	0	0	0
1	A03	Background	1.30962	0	0	0
1	A04	Background	1.30962	0	0	0
1	A05	Background	1.30962	0	0	0
1	A06	Background	1.30962	0	0	0
1	A07	Background	1.30962	0	0	0
1	A08	Background	1.30962	0	0	0
1	A09	Background	1.30962	0	0	0
1	A10	Background	1.30962	0	0	0
1	A11	Background	1.30962	0	0	0
1	A12	Background	1.30962	0	0	0
1	B01	c1 3/4	1.30962	174,003.34	95,797.20	170,365.73
1	B02	c1 3/4	1.30962	205,389.76	107,831.47	191,767.49
1	B03	c1 3/4	1.30962	414,555.91	141,658.53	251,925.53
1	B04	c1 3/4	1.30962	359,963.25	157,968.16	280,930.58
1	B05	c1 3/4	1.30962	476,488.58	176,605.41	314,075.06
1	B06	c1 3/4	1.30962	456,400.47	202,768.44	360,603.39
1	B07	c1 5/6	1.30962	312,883.73	148,914.09	264,828.81
1	B08	c1 5/6	1.30962	338,799.69	175,083.02	311,367.64
1	B09	c1 5/6	1.30962	214,300.45	106,483.06	189,369.47
1	B10	c1 5/6	1.30962	197,947.98	127,473.14	226,698.24
1	B11	c1 5/6	1.30962	180,159.74	104,732.35	186,256.01
1	B12	c1 5/6	1.30962	150,557.72	88,101.17	156,679.12
1	C01	c3 3/4	1.30962	87,622.54	28,556.79	50,785.39
1	C02	c3 3/4	1.30962	114,202.43	44,320.03	78,818.75
1	C03	c3 3/4	1.30962	125,492.89	56,255.59	100,044.94
1	C04	c3 3/4	1.30962	128,870.51	56,130.06	99,821.69
1	C05	c3 3/4	1.30962	128,959.89	60,365.14	107,353.37
1	C06	c3 3/4	1.30962	131,564.75	49,518.17	88,063.12
1	C07	c3 5/6	1.30962	133,076.45	55,681.28	99,023.60
1	C08	c3 5/6	1.30962	126,011.12	60,505.39	107,602.78
1	C09	c3 5/6	1.30962	124,155.84	38,309.92	68,130.36
1	C10	c3 5/6	1.30962	117,794.59	36,079.54	64,163.86
1	C11	c3 5/6	1.30962	113,469.45	36,214.60	64,404.04
1	C12	c3 5/6	1.30962	65,405.90	15,983.19	28,424.50
1	D01	c2 3/4	1.30962	70,152.80	34,698.90	61,708.52
1	D02	c2 3/4	1.30962	110,715.57	38,577.58	68,606.36
1	D03	c2 3/4	1.30962	129,551.80	65,770.21	116,965.75
1	D04	c2 3/4	1.30962	122,146.17	54,748.37	97,364.51
1	D05	c2 3/4	1.30962	132,369.67	73,238.32	130,247.03
1	D06	c2 3/4	1.30962	117,867.15	62,450.06	111,061.18
1	D07	c2 5/6	1.30962	131,118.63	65,069.82	115,720.17
1	D08	c2 5/6	1.30962	118,470.21	45,329.40	80,613.81
1	D09	c2 5/6	1.30962	120,461.34	43,573.59	77,491.27
1	D10	c2 5/6	1.30962	112,899.80	37,355.40	66,432.85
1	D11	c2 5/6	1.30962	99,147.58	41,297.21	73,442.97
1	D12	c2 5/6	1.30962	71,210.97	28,195.84	50,143.48
1	E01	p11.II.1 3/4	1.30962	74,805.34	71,849.68	127,777.47
1	E02	p11.II.1 3/4	1.30962	106,292.89	108,008.60	192,082.49
1	E03	p11.II.1 3/4	1.30962	111,893.70	94,093.53	167,335.93
1	E04	p11.II.1 3/4	1.30962	70,780.89	51,436.16	91,474.08
1	E05	p11.II.1 3/4	1.30962	111,368.05	72,513.98	128,958.87
1	E06	p11.II.1 3/4	1.30962	110,252.19	96,302.47	171,264.32
1	E07	p11.II.1 5/6	1.30962	100,827.40	109,001.04	193,847.44
1	E08	p11.II.1 5/6	1.30962	105,050.99	81,825.89	145,519.17
1	E09	p11.II.1 5/6	1.30962	92,507.53	80,456.97	143,084.67
1	E10	p11.II.1 5/6	1.30962	95,336.96	92,535.41	164,564.97
1	E11	p11.II.1 5/6	1.30962	80,627.49	82,569.99	146,842.47
1	E12	p11.II.1 5/6	1.30962	71,577.19	74,009.46	131,618.42
1	F01	p4.I.2 3/4	1.30962	52,160.91	25,956.13	46,160.39
1	F02	p4.I.2 3/4	1.30962	64,245.26	23,181.52	41,226.02
1	F03	p4.I.2 3/4	1.30962	60,456.71	29,495.38	52,454.59
1	F04	p4.I.2 3/4	1.30962	56,871.76	33,722.10	59,971.38
1	F05	p4.I.2 3/4	1.30962	66,913.16	22,605.00	40,200.73
1	F06	p4.I.2 3/4	1.30962	66,498.13	31,675.29	56,331.34
1	F07	p4.I.2 5/6	1.30962	64,060.48	25,649.47	45,615.02
1	F08	p4.I.2 5/6	1.30962	63,299.42	25,549.86	45,437.87
1	F09	p4.I.2 5/6	1.30962	56,911.18	15,985.36	28,428.36
1	F10	p4.I.2 5/6	1.30962	54,698.14	16,627.11	29,569.65
1	F11	p4.I.2 5/6	1.30962	45,987.83	25,460.68	45,279.27
1	F12	p4.I.2 5/6	1.30962	47,203.02	29,967.94	53,294.99
1	G01	p4.II.2 3/4	1.30962	41,305.05	21,570.38	38,360.76
1	G02	p4.II.2 3/4	1.30962	67,677.77	20,139.69	35,816.42
1	G03	p4.II.2 3/4	1.30962	73,492.79	40,507.78	72,039.03
1	G04	p4.II.2 3/4	1.30962	68,318.34	24,374.01	43,346.75
1	G05	p4.II.2 3/4	1.30962	66,287.99	31,629.47	56,249.85
1	G06	p4.II.2 3/4	1.30962	62,224.45	23,382.42	41,583.30
1	G07	p4.II.2 5/6	1.30962	56,486.48	25,674.72	45,659.92
1	G08	p4.II.2 5/6	1.30962	67,799.66	36,423.30	64,775.19
1	G09	p4.II.2 5/6	1.30962	58,156.00	15,584.96	27,716.29
1	G10	p4.II.2 5/6	1.30962	66,875.17	12,963.59	23,054.45
1	G11	p4.II.2 5/6	1.30962	31,773.24	9,230.93	16,416.29
1	G12	p4.II.2 5/6	1.30962	50,908.01	26,571.36	47,254.51
1	H01	Background	1.30962	0	0	0
1	H02	Background	1.30962	0	0	0
1	H03	Background	1.30962	0	0	0
1	H04	Background	1.30962	0	0	0
1	H05	Background	1.30962	0	0	0
1	H06	Background	1.30962	0	0	0
1	H07	Background	1.30962	0	0	0
1	H08	Background	1.30962	0	0	0
1	H09	Background	1.30962	0	0	0
1	H10	Background	1.30962	0	0	0
1	H11	Background	1.30962	0	0	0
1	H12	Background	1.30962	0	0	0
2	A01	Background	7.81743	0	0	0
2	A02	Background	7.81743	0	0	0
2	A03	Background	7.81743	0	0	0
2	A04	Background	7.81743	0	0	0
2	A05	Background	7.81743	0	0	0
2	A06	Background	7.81743	0	0	0
2	A07	Background	7.81743	0	0	0
2	A08	Background	7.81743	0	0	0
2	A09	Background	7.81743	0	0	0
2	A10	Background	7.81743	0	0	0
2	A11	Background	7.81743	0	0	0
2	A12	Background	7.81743	0	0	0
2	B01	c1 3/4	7.81743	168,393.69	82,606.51	146,907.41
2	B02	c1 3/4	7.81743	194,717.95	82,947.77	147,514.31
2	B03	c1 3/4	7.81743	373,504.32	137,551.99	244,622.46
2	B04	c1 3/4	7.81743	326,138.73	172,133.83	306,122.80
2	B05	c1 3/4	7.81743	436,438.81	168,288.85	299,284.89
2	B06	c1 3/4	7.81743	424,006.23	194,918.90	346,643.78
2	B07	c1 5/6	7.81743	295,722.84	135,976.33	241,820.30
2	B08	c1 5/6	7.81743	312,426.31	176,194.73	313,344.72
2	B09	c1 5/6	7.81743	197,456.38	114,047.34	202,821.79
2	B10	c1 5/6	7.81743	177,084.06	106,627.82	189,626.91
2	B11	c1 5/6	7.81743	157,331.35	86,354.39	153,572.64
2	B12	c1 5/6	7.81743	139,751.60	53,273.06	94,740.82
2	C01	c3 3/4	7.81743	83,670.23	28,424.48	50,550.10
2	C02	c3 3/4	7.81743	105,003.43	28,581.05	50,828.54
2	C03	c3 3/4	7.81743	118,827.38	35,917.65	63,875.96
2	C04	c3 3/4	7.81743	120,041.52	41,069.93	73,038.76
2	C05	c3 3/4	7.81743	120,757.14	41,821.86	74,375.99
2	C06	c3 3/4	7.81743	122,003.13	38,061.41	67,688.42
2	C07	c3 5/6	7.81743	124,131.05	41,582.43	73,950.19
2	C08	c3 5/6	7.81743	116,211.18	28,817.71	51,249.42
2	C09	c3 5/6	7.81743	118,211.00	28,485.34	50,658.33
2	C10	c3 5/6	7.81743	104,347.01	25,876.66	46,019.04
2	C11	c3 5/6	7.81743	104,068.48	18,317.62	32,576.06
2	C12	c3 5/6	7.81743	58,937.57	10,134.20	18,022.66
2	D01	c2 3/4	7.81743	66,888.53	35,565.12	63,249.01
2	D02	c2 3/4	7.81743	102,545.97	35,088.56	62,401.49
2	D03	c2 3/4	7.81743	118,814.13	49,104.31	87,327.10
2	D04	c2 3/4	7.81743	114,255.99	43,013.37	76,494.98
2	D05	c2 3/4	7.81743	122,166.48	57,756.16	102,713.56
2	D06	c2 3/4	7.81743	106,525.34	48,595.25	86,421.79
2	D07	c2 5/6	7.81743	120,416.36	52,522.23	93,405.53
2	D08	c2 5/6	7.81743	112,000.47	34,907.47	62,079.45
2	D09	c2 5/6	7.81743	110,217.04	37,949.38	67,489.19
2	D10	c2 5/6	7.81743	104,712.83	29,320.45	52,143.48
2	D11	c2 5/6	7.81743	93,450.87	30,406.30	54,074.57
2	D12	c2 5/6	7.81743	65,224.91	22,112.55	39,324.96
2	E01	p11.II.1 3/4	7.81743	71,158.01	63,645.95	113,187.97
2	E02	p11.II.1 3/4	7.81743	99,555.10	74,634.77	132,730.47
2	E03	p11.II.1 3/4	7.81743	108,966.58	82,274.14	146,316.33
2	E04	p11.II.1 3/4	7.81743	62,565.90	57,143.02	101,623.15
2	E05	p11.II.1 3/4	7.81743	103,700.19	73,055.39	129,921.70
2	E06	p11.II.1 3/4	7.81743	98,215.08	82,627.83	146,945.34
2	E07	p11.II.1 5/6	7.81743	93,403.98	88,204.71	156,863.25
2	E08	p11.II.1 5/6	7.81743	95,445.58	63,569.09	113,051.27
2	E09	p11.II.1 5/6	7.81743	87,489.80	67,222.07	119,547.73
2	E10	p11.II.1 5/6	7.81743	91,137.02	79,900.64	142,095.31
2	E11	p11.II.1 5/6	7.81743	75,958.61	57,502.92	102,263.20
2	E12	p11.II.1 5/6	7.81743	67,568.95	39,678.37	70,564.01
2	F01	p4.I.2 3/4	7.81743	48,990.19	22,748.80	40,456.47
2	F02	p4.I.2 3/4	7.81743	61,390.49	21,754.24	38,687.73
2	F03	p4.I.2 3/4	7.81743	58,821.87	24,569.96	43,695.21
2	F04	p4.I.2 3/4	7.81743	56,692.77	18,524.44	32,943.87
2	F05	p4.I.2 3/4	7.81743	60,813.68	16,812.05	29,898.55
2	F06	p4.I.2 3/4	7.81743	58,827.26	13,150.82	23,387.41
2	F07	p4.I.2 5/6	7.81743	62,660.60	19,921.42	35,428.25
2	F08	p4.I.2 5/6	7.81743	55,213.17	19,523.31	34,720.26
2	F09	p4.I.2 5/6	7.81743	56,272.58	12,801.34	22,765.91
2	F10	p4.I.2 5/6	7.81743	52,438.91	12,698.18	22,582.44
2	F11	p4.I.2 5/6	7.81743	41,734.04	12,188.36	21,675.77
2	F12	p4.I.2 5/6	7.81743	44,606.41	2,015.95	3,585.16
2	G01	p4.II.2 3/4	7.81743	39,740.64	20,875.97	37,125.82
2	G02	p4.II.2 3/4	7.81743	62,732.64	13,304.09	23,660.00
2	G03	p4.II.2 3/4	7.81743	69,196.15	24,649.34	43,836.38
2	G04	p4.II.2 3/4	7.81743	63,634.48	29,554.76	52,560.19
2	G05	p4.II.2 3/4	7.81743	63,080.57	28,592.54	50,848.97
2	G06	p4.II.2 3/4	7.81743	55,922.68	28,106.95	49,985.39
2	G07	p4.II.2 5/6	7.81743	54,094.86	27,527.46	48,954.84
2	G08	p4.II.2 5/6	7.81743	60,879.32	23,943.10	42,580.41
2	G09	p4.II.2 5/6	7.81743	55,644.30	10,494.57	18,663.55
2	G10	p4.II.2 5/6	7.81743	63,806.89	3,532.67	6,282.49
2	G11	p4.II.2 5/6	7.81743	24,964.66	6,526.36	11,606.47
2	G12	p4.II.2 5/6	7.81743	45,503.94	16,734.89	29,761.33
2	H01	Background	7.81743	0	0	0
2	H02	Background	7.81743	0	0	0
2	H03	Background	7.81743	0	0	0
2	H04	Background	7.81743	0	0	0
2	H05	Background	7.81743	0	0	0
2	H06	Background	7.81743	0	0	0
2	H07	Background	7.81743	0	0	0
2	H08	Background	7.81743	0	0	0
2	H09	Background	7.81743	0	0	0
2	H10	Background	7.81743	0	0	0
2	H11	Background	7.81743	0	0	0
2	H12	Background	7.81743	0	0	0
3	A01	Background	14.36399	0	0	0
3	A02	Background	14.36399	0	0	0
3	A03	Background	14.36399	0	0	0
3	A04	Background	14.36399	0	0	0
3	A05	Background	14.36399	0	0	0
3	A06	Background	14.36399	0	0	0
3	A07	Background	14.36399	0	0	0
3	A08	Background	14.36399	0	0	0
3	A09	Background	14.36399	0	0	0
3	A10	Background	14.36399	0	0	0
3	A11	Background	14.36399	0	0	0
3	A12	Background	14.36399	0	0	0
3	B01	c1 3/4	14.36399	170,665.34	80,000.38	142,272.68
3	B02	c1 3/4	14.36399	193,807.31	78,961.06	140,424.36
3	B03	c1 3/4	14.36399	357,347.50	147,725.33	262,714.74
3	B04	c1 3/4	14.36399	315,949.38	177,265.04	315,248.16
3	B05	c1 3/4	14.36399	428,891.46	180,179.96	320,432.04
3	B06	c1 3/4	14.36399	407,496.63	206,524.50	367,283.16
3	B07	c1 5/6	14.36399	288,631.97	143,656.91	255,479.44
3	B08	c1 5/6	14.36399	330,332.10	175,546.93	312,192.67
3	B09	c1 5/6	14.36399	191,867.44	119,949.22	213,317.70
3	B10	c1 5/6	14.36399	174,045.70	108,970.12	193,792.47
3	B11	c1 5/6	14.36399	158,992.83	82,293.32	146,350.43
3	B12	c1 5/6	14.36399	137,408.97	57,850.25	102,880.89
3	C01	c3 3/4	14.36399	83,521.78	28,837.38	51,284.40
3	C02	c3 3/4	14.36399	102,748.67	28,898.84	51,393.70
3	C03	c3 3/4	14.36399	116,193.93	40,113.38	71,337.63
3	C04	c3 3/4	14.36399	116,352.95	44,315.78	78,811.18
3	C05	c3 3/4	14.36399	117,358.92	44,813.35	79,696.07
3	C06	c3 3/4	14.36399	118,748.01	40,621.52	72,241.31
3	C07	c3 5/6	14.36399	120,634.83	43,100.46	76,649.86
3	C08	c3 5/6	14.36399	111,921.30	30,754.75	54,694.25
3	C09	c3 5/6	14.36399	116,197.28	30,899.17	54,951.09
3	C10	c3 5/6	14.36399	101,893.43	29,042.54	51,649.26
3	C11	c3 5/6	14.36399	101,071.15	20,261.76	36,033.51
3	C12	c3 5/6	14.36399	55,774.83	10,263.03	18,251.77
3	D01	c2 3/4	14.36399	65,315.27	35,461.11	63,064.04
3	D02	c2 3/4	14.36399	99,429.59	40,596.13	72,196.16
3	D03	c2 3/4	14.36399	112,068.21	54,516.94	96,952.92
3	D04	c2 3/4	14.36399	109,679.43	46,058.99	81,911.31
3	D05	c2 3/4	14.36399	118,185.70	62,984.46	112,011.56
3	D06	c2 3/4	14.36399	103,570.69	54,345.75	96,648.49
3	D07	c2 5/6	14.36399	116,184.81	55,055.54	97,910.78
3	D08	c2 5/6	14.36399	107,589.05	37,817.89	67,255.33
3	D09	c2 5/6	14.36399	105,803.71	44,960.60	79,957.93
3	D10	c2 5/6	14.36399	100,052.57	34,408.79	61,192.59
3	D11	c2 5/6	14.36399	90,276.16	33,895.75	60,280.20
3	D12	c2 5/6	14.36399	62,718.67	21,538.74	38,304.49
3	E01	p11.II.1 3/4	14.36399	70,599.35	64,138.76	114,064.37
3	E02	p11.II.1 3/4	14.36399	99,690.69	76,065.39	135,274.69
3	E03	p11.II.1 3/4	14.36399	104,783.54	87,934.49	156,382.69
3	E04	p11.II.1 3/4	14.36399	63,922.62	58,821.91	104,608.89
3	E05	p11.II.1 3/4	14.36399	100,570.70	74,725.56	132,891.94
3	E06	p11.II.1 3/4	14.36399	95,851.29	81,609.17	145,133.75
3	E07	p11.II.1 5/6	14.36399	94,111.05	83,260.77	148,070.95
3	E08	p11.II.1 5/6	14.36399	95,572.53	62,262.71	110,728.00
3	E09	p11.II.1 5/6	14.36399	88,175.55	64,383.08	114,498.87
3	E10	p11.II.1 5/6	14.36399	90,106.64	80,837.17	143,760.83
3	E11	p11.II.1 5/6	14.36399	73,398.59	57,652.97	102,530.05
3	E12	p11.II.1 5/6	14.36399	66,444.02	41,754.95	74,257.00
3	F01	p4.I.2 3/4	14.36399	49,815.06	23,644.43	42,049.25
3	F02	p4.I.2 3/4	14.36399	60,352.28	24,946.50	44,364.86
3	F03	p4.I.2 3/4	14.36399	56,637.12	26,938.93	47,908.20
3	F04	p4.I.2 3/4	14.36399	53,949.41	22,191.96	39,466.19
3	F05	p4.I.2 3/4	14.36399	56,809.88	20,126.45	35,792.89
3	F06	p4.I.2 3/4	14.36399	56,907.47	14,371.69	25,558.61
3	F07	p4.I.2 5/6	14.36399	62,416.62	23,840.35	42,397.67
3	F08	p4.I.2 5/6	14.36399	56,150.20	22,047.41	39,209.12
3	F09	p4.I.2 5/6	14.36399	55,639.48	21,205.74	37,712.28
3	F10	p4.I.2 5/6	14.36399	52,357.28	15,629.68	27,795.82
3	F11	p4.I.2 5/6	14.36399	40,914.24	15,533.01	27,623.91
3	F12	p4.I.2 5/6	14.36399	43,237.62	5,288.34	9,404.78
3	G01	p4.II.2 3/4	14.36399	38,474.36	21,263.78	37,815.51
3	G02	p4.II.2 3/4	14.36399	61,370.17	15,275.72	27,166.34
3	G03	p4.II.2 3/4	14.36399	65,152.60	26,828.67	47,712.10
3	G04	p4.II.2 3/4	14.36399	58,957.19	29,701.94	52,821.92
3	G05	p4.II.2 3/4	14.36399	62,433.31	29,988.08	53,330.80
3	G06	p4.II.2 3/4	14.36399	53,853.24	28,752.46	51,133.37
3	G07	p4.II.2 5/6	14.36399	49,028.50	28,720.06	51,075.76
3	G08	p4.II.2 5/6	14.36399	59,972.10	25,959.84	46,166.97
3	G09	p4.II.2 5/6	14.36399	53,919.08	12,810.56	22,782.30
3	G10	p4.II.2 5/6	14.36399	62,717.70	9,405.23	16,726.27
3	G11	p4.II.2 5/6	14.36399	23,275.07	9,324.60	16,582.86
3	G12	p4.II.2 5/6	14.36399	44,388.18	17,452.60	31,037.70
3	H01	Background	14.36399	0	0	0
3	H02	Background	14.36399	0	0	0
3	H03	Background	14.36399	0	0	0
3	H04	Background	14.36399	0	0	0
3	H05	Background	14.36399	0	0	0
3	H06	Background	14.36399	0	0	0
3	H07	Background	14.36399	0	0	0
3	H08	Background	14.36399	0	0	0
3	H09	Background	14.36399	0	0	0
3	H10	Background	14.36399	0	0	0
3	H11	Background	14.36399	0	0	0
3	H12	Background	14.36399	0	0	0
4	A01	Background	20.92068	0	0	0
4	A02	Background	20.92068	0	0	0
4	A03	Background	20.92068	0	0	0
4	A04	Background	20.92068	0	0	0
4	A05	Background	20.92068	0	0	0
4	A06	Background	20.92068	0	0	0
4	A07	Background	20.92068	0	0	0
4	A08	Background	20.92068	0	0	0
4	A09	Background	20.92068	0	0	0
4	A10	Background	20.92068	0	0	0
4	A11	Background	20.92068	0	0	0
4	A12	Background	20.92068	0	0	0
4	B01	c1 3/4	20.92068	172,372.57	76,575.67	136,182.17
4	B02	c1 3/4	20.92068	196,105.52	75,732.61	134,682.88
4	B03	c1 3/4	20.92068	352,121.01	146,955.20	261,345.12
4	B04	c1 3/4	20.92068	310,815.12	182,020.50	323,705.25
4	B05	c1 3/4	20.92068	425,685.48	190,299.84	338,429.24
4	B06	c1 3/4	20.92068	403,801.31	212,995.52	378,791.24
4	B07	c1 5/6	20.92068	283,374.48	145,029.54	257,920.54
4	B08	c1 5/6	20.92068	346,705.11	185,136.66	329,247.03
4	B09	c1 5/6	20.92068	193,483.27	113,018.41	200,991.94
4	B10	c1 5/6	20.92068	177,194.89	100,326.80	178,421.17
4	B11	c1 5/6	20.92068	162,121.36	75,008.32	133,394.80
4	B12	c1 5/6	20.92068	141,541.70	55,919.13	99,446.59
4	C01	c3 3/4	20.92068	83,611.15	28,510.59	50,703.23
4	C02	c3 3/4	20.92068	102,544.71	29,894.77	53,164.85
4	C03	c3 3/4	20.92068	114,697.42	40,534.72	72,086.94
4	C04	c3 3/4	20.92068	115,617.01	45,632.23	81,152.37
4	C05	c3 3/4	20.92068	115,570.63	45,950.34	81,718.08
4	C06	c3 3/4	20.92068	117,714.62	42,758.52	76,041.75
4	C07	c3 5/6	20.92068	119,361.17	41,886.52	74,490.99
4	C08	c3 5/6	20.92068	110,603.36	32,486.50	57,773.99
4	C09	c3 5/6	20.92068	115,178.66	32,172.26	57,215.14
4	C10	c3 5/6	20.92068	100,973.19	30,565.70	54,358.04
4	C11	c3 5/6	20.92068	99,968.44	21,779.74	38,733.08
4	C12	c3 5/6	20.92068	56,295.31	9,704.07	17,257.72
4	D01	c2 3/4	20.92068	66,757.34	33,564.66	59,691.38
4	D02	c2 3/4	20.92068	98,562.51	43,555.94	77,459.88
4	D03	c2 3/4	20.92068	111,755.36	57,620.36	102,472.06
4	D04	c2 3/4	20.92068	107,514.56	50,097.46	89,093.32
4	D05	c2 3/4	20.92068	115,790.22	65,253.12	116,046.16
4	D06	c2 3/4	20.92068	101,837.60	57,473.54	102,210.94
4	D07	c2 5/6	20.92068	114,495.54	56,757.46	100,937.46
4	D08	c2 5/6	20.92068	105,094.77	41,352.64	73,541.54
4	D09	c2 5/6	20.92068	104,617.69	47,772.00	84,957.73
4	D10	c2 5/6	20.92068	104,749.98	38,482.85	68,437.90
4	D11	c2 5/6	20.92068	91,712.90	35,767.76	63,609.39
4	D12	c2 5/6	20.92068	64,907.86	19,232.93	34,203.85
4	E01	p11.II.1 3/4	20.92068	70,969.95	63,939.99	113,710.88
4	E02	p11.II.1 3/4	20.92068	99,586.93	76,598.52	136,222.80
4	E03	p11.II.1 3/4	20.92068	104,899.91	88,580.06	157,530.78
4	E04	p11.II.1 3/4	20.92068	63,361.01	58,442.21	103,933.62
4	E05	p11.II.1 3/4	20.92068	99,503.58	75,076.99	133,516.92
4	E06	p11.II.1 3/4	20.92068	99,010.01	80,886.96	143,849.36
4	E07	p11.II.1 5/6	20.92068	92,452.19	83,006.50	147,618.76
4	E08	p11.II.1 5/6	20.92068	94,992.39	63,424.64	112,794.38
4	E09	p11.II.1 5/6	20.92068	86,515.54	64,935.25	115,480.86
4	E10	p11.II.1 5/6	20.92068	92,815.42	80,578.38	143,300.59
4	E11	p11.II.1 5/6	20.92068	75,201.44	57,594.76	102,426.52
4	E12	p11.II.1 5/6	20.92068	65,649.84	40,621.48	72,241.24
4	F01	p4.I.2 3/4	20.92068	50,531.32	22,673.71	40,322.93
4	F02	p4.I.2 3/4	20.92068	58,945.15	26,231.67	46,650.40
4	F03	p4.I.2 3/4	20.92068	55,844.43	27,497.04	48,900.73
4	F04	p4.I.2 3/4	20.92068	53,318.08	23,297.08	41,431.52
4	F05	p4.I.2 3/4	20.92068	58,891.88	21,085.92	37,499.21
4	F06	p4.I.2 3/4	20.92068	56,390.59	15,644.39	27,821.99
4	F07	p4.I.2 5/6	20.92068	63,045.44	25,713.11	45,728.20
4	F08	p4.I.2 5/6	20.92068	55,513.05	21,896.03	38,939.90
4	F09	p4.I.2 5/6	20.92068	55,655.65	22,879.84	40,689.51
4	F10	p4.I.2 5/6	20.92068	52,424.72	16,823.84	29,919.52
4	F11	p4.I.2 5/6	20.92068	42,615.54	15,779.92	28,063.01
4	F12	p4.I.2 5/6	20.92068	41,169.12	6,782.85	12,062.62
4	G01	p4.II.2 3/4	20.92068	39,293.09	20,837.28	37,057.03
4	G02	p4.II.2 3/4	20.92068	61,208.09	15,404.00	27,394.48
4	G03	p4.II.2 3/4	20.92068	65,554.78	25,843.55	45,960.17
4	G04	p4.II.2 3/4	20.92068	60,296.72	29,059.96	51,680.24
4	G05	p4.II.2 3/4	20.92068	59,403.59	30,135.95	53,593.77
4	G06	p4.II.2 3/4	20.92068	56,232.49	29,674.51	52,773.14
4	G07	p4.II.2 5/6	20.92068	48,776.54	27,648.46	49,170.02
4	G08	p4.II.2 5/6	20.92068	61,345.07	26,245.99	46,675.86
4	G09	p4.II.2 5/6	20.92068	55,027.08	15,161.85	26,963.83
4	G10	p4.II.2 5/6	20.92068	61,903.17	11,155.09	19,838.21
4	G11	p4.II.2 5/6	20.92068	26,284.96	10,533.48	18,732.73
4	G12	p4.II.2 5/6	20.92068	44,398.15	15,579.05	27,705.79
4	H01	Background	20.92068	0	0	0
4	H02	Background	20.92068	0	0	0
4	H03	Background	20.92068	0	0	0
4	H04	Background	20.92068	0	0	0
4	H05	Background	20.92068	0	0	0
4	H06	Background	20.92068	0	0	0
4	H07	Background	20.92068	0	0	0
4	H08	Background	20.92068	0	0	0
4	H09	Background	20.92068	0	0	0
4	H10	Background	20.92068	0	0	0
4	H11	Background	20.92068	0	0	0
4	H12	Background	20.92068	0	0	0
5	A01	Background	27.56707	0	0	0
5	A02	Background	27.56707	0	0	0
5	A03	Background	27.56707	0	0	0
5	A04	Background	27.56707	0	0	0
5	A05	Background	27.56707	0	0	0
5	A06	Background	27.56707	0	0	0
5	A07	Background	27.56707	0	0	0
5	A08	Background	27.56707	0	0	0
5	A09	Background	27.56707	0	0	0
5	A10	Background	27.56707	0	0	0
5	A11	Background	27.56707	0	0	0
5	A12	Background	27.56707	0	0	0
5	B01	c1 3/4	27.56707	172,539.42	83,757.69	148,954.67
5	B02	c1 3/4	27.56707	195,157.44	85,814.52	152,612.54
5	B03	c1 3/4	27.56707	341,430.34	158,092.68	281,152.01
5	B04	c1 3/4	27.56707	300,878.74	203,587.20	362,059.48
5	B05	c1 3/4	27.56707	418,535.33	212,162.19	377,309.24
5	B06	c1 3/4	27.56707	401,348.48	230,228.51	409,438.39
5	B07	c1 5/6	27.56707	297,879.72	158,573.91	282,007.85
5	B08	c1 5/6	27.56707	340,990.13	219,737.11	390,780.47
5	B09	c1 5/6	27.56707	195,932.00	112,334.07	199,774.91
5	B10	c1 5/6	27.56707	176,796.57	104,302.58	185,491.71
5	B11	c1 5/6	27.56707	161,577.65	78,194.75	139,061.54
5	B12	c1 5/6	27.56707	127,030.13	63,250.76	112,485.15
5	C01	c3 3/4	27.56707	71,188.01	30,325.60	53,931.05
5	C02	c3 3/4	27.56707	98,069.14	22,282.66	39,627.49
5	C03	c3 3/4	27.56707	113,050.00	27,661.47	49,193.16
5	C04	c3 3/4	27.56707	109,306.58	41,474.55	73,758.34
5	C05	c3 3/4	27.56707	110,253.01	38,732.56	68,881.99
5	C06	c3 3/4	27.56707	114,128.66	39,653.50	70,519.78
5	C07	c3 5/6	27.56707	112,274.04	37,845.49	67,304.43
5	C08	c3 5/6	27.56707	105,820.25	18,800.65	33,435.08
5	C09	c3 5/6	27.56707	112,904.93	33,100.83	58,866.52
5	C10	c3 5/6	27.56707	97,485.07	27,473.32	48,858.54
5	C11	c3 5/6	27.56707	89,134.61	20,238.33	35,991.84
5	C12	c3 5/6	27.56707	54,712.31	8,020.99	14,264.53
5	D01	c2 3/4	27.56707	63,960.94	31,105.09	55,317.29
5	D02	c2 3/4	27.56707	86,310.10	49,209.26	87,513.75
5	D03	c2 3/4	27.56707	102,809.31	51,087.70	90,854.36
5	D04	c2 3/4	27.56707	104,919.27	49,083.72	87,290.49
5	D05	c2 3/4	27.56707	97,854.28	64,208.80	114,188.93
5	D06	c2 3/4	27.56707	96,177.72	55,931.19	99,468.03
5	D07	c2 5/6	27.56707	94,546.20	59,002.75	104,930.50
5	D08	c2 5/6	27.56707	68,950.98	59,365.52	105,575.64
5	D09	c2 5/6	27.56707	90,576.69	46,629.21	82,925.39
5	D10	c2 5/6	27.56707	93,266.51	36,445.04	64,813.85
5	D11	c2 5/6	27.56707	80,038.72	41,872.45	74,465.96
5	D12	c2 5/6	27.56707	43,376.82	27,428.45	48,778.76
5	E01	p11.II.1 3/4	27.56707	70,703.55	61,264.01	108,951.91
5	E02	p11.II.1 3/4	27.56707	94,190.00	71,565.75	127,272.53
5	E03	p11.II.1 3/4	27.56707	102,596.51	81,185.11	144,379.60
5	E04	p11.II.1 3/4	27.56707	61,341.03	60,729.54	108,001.41
5	E05	p11.II.1 3/4	27.56707	89,506.40	83,934.90	149,269.82
5	E06	p11.II.1 3/4	27.56707	92,471.28	73,897.52	131,419.35
5	E07	p11.II.1 5/6	27.56707	83,401.66	72,028.52	128,095.52
5	E08	p11.II.1 5/6	27.56707	75,281.51	61,647.61	109,634.12
5	E09	p11.II.1 5/6	27.56707	79,258.55	60,313.07	107,260.76
5	E10	p11.II.1 5/6	27.56707	69,225.62	91,528.43	162,774.15
5	E11	p11.II.1 5/6	27.56707	50,149.55	59,802.92	106,353.51
5	E12	p11.II.1 5/6	27.56707	60,340.39	44,418.55	78,993.95
5	F01	p4.I.2 3/4	27.56707	49,317.74	20,008.46	35,583.04
5	F02	p4.I.2 3/4	27.56707	55,964.76	20,827.82	37,040.20
5	F03	p4.I.2 3/4	27.56707	40,369.65	25,809.81	45,900.16
5	F04	p4.I.2 3/4	27.56707	39,695.22	11,943.99	21,241.19
5	F05	p4.I.2 3/4	27.56707	52,484.85	12,476.11	22,187.52
5	F06	p4.I.2 3/4	27.56707	54,841.38	-1,405.27	-2,499.12
5	F07	p4.I.2 5/6	27.56707	46,552.52	16,955.49	30,153.65
5	F08	p4.I.2 5/6	27.56707	53,590.00	5,226.60	9,294.98
5	F09	p4.I.2 5/6	27.56707	28,772.12	31,654.28	56,293.97
5	F10	p4.I.2 5/6	27.56707	45,158.24	11,771.00	20,933.54
5	F11	p4.I.2 5/6	27.56707	20,303.86	21,382.26	38,026.22
5	F12	p4.I.2 5/6	27.56707	32,839.62	12,372.12	22,002.59
5	G01	p4.II.2 3/4	27.56707	24,420.86	30,125.38	53,574.97
5	G02	p4.II.2 3/4	27.56707	52,944.77	15,521.20	27,602.91
5	G03	p4.II.2 3/4	27.56707	63,938.47	21,785.88	38,744.01
5	G04	p4.II.2 3/4	27.56707	51,920.75	30,684.81	54,569.87
5	G05	p4.II.2 3/4	27.56707	61,506.27	28,290.91	50,312.56
5	G06	p4.II.2 3/4	27.56707	52,342.10	27,468.75	48,850.42
5	G07	p4.II.2 5/6	27.56707	45,465.25	24,326.61	43,262.45
5	G08	p4.II.2 5/6	27.56707	52,755.81	21,171.10	37,650.68
5	G09	p4.II.2 5/6	27.56707	46,803.37	7,239.16	12,874.13
5	G10	p4.II.2 5/6	27.56707	53,929.07	13,245.46	23,555.73
5	G11	p4.II.2 5/6	27.56707	19,179.02	12,681.94	22,553.56
5	G12	p4.II.2 5/6	27.56707	26,081.09	24,863.50	44,217.25
5	H01	Background	27.56707	0	0	0
5	H02	Background	27.56707	0	0	0
5	H03	Background	27.56707	0	0	0
5	H04	Background	27.56707	0	0	0
5	H05	Background	27.56707	0	0	0
5	H06	Background	27.56707	0	0	0
5	H07	Background	27.56707	0	0	0
5	H08	Background	27.56707	0	0	0
5	H09	Background	27.56707	0	0	0
5	H10	Background	27.56707	0	0	0
5	H11	Background	27.56707	0	0	0
5	H12	Background	27.56707	0	0	0
6	A01	Background	34.12246	0	0	0
6	A02	Background	34.12246	0	0	0
6	A03	Background	34.12246	0	0	0
6	A04	Background	34.12246	0	0	0
6	A05	Background	34.12246	0	0	0
6	A06	Background	34.12246	0	0	0
6	A07	Background	34.12246	0	0	0
6	A08	Background	34.12246	0	0	0
6	A09	Background	34.12246	0	0	0
6	A10	Background	34.12246	0	0	0
6	A11	Background	34.12246	0	0	0
6	A12	Background	34.12246	0	0	0
6	B01	c1 3/4	34.12246	162,381.11	90,179.92	160,375.98
6	B02	c1 3/4	34.12246	196,120.51	86,183.43	153,268.61
6	B03	c1 3/4	34.12246	331,821.08	153,283.04	272,598.57
6	B04	c1 3/4	34.12246	295,477.52	200,142.76	355,933.88
6	B05	c1 3/4	34.12246	415,741.69	214,520.93	381,504.03
6	B06	c1 3/4	34.12246	395,023.03	227,931.80	405,353.92
6	B07	c1 5/6	34.12246	282,324.58	149,941.92	266,656.70
6	B08	c1 5/6	34.12246	332,101.58	228,972.51	407,204.71
6	B09	c1 5/6	34.12246	192,681.35	113,024.13	201,002.12
6	B10	c1 5/6	34.12246	172,748.39	105,923.52	188,374.39
6	B11	c1 5/6	34.12246	161,715.27	77,875.88	138,494.46
6	B12	c1 5/6	34.12246	98,456.84	77,785.34	138,333.45
6	C01	c3 3/4	34.12246	45,367.26	49,266.29	87,615.18
6	C02	c3 3/4	34.12246	89,530.76	31,677.91	56,335.99
6	C03	c3 3/4	34.12246	108,656.26	35,377.21	62,914.82
6	C04	c3 3/4	34.12246	98,777.12	47,951.19	85,276.39
6	C05	c3 3/4	34.12246	95,863.95	46,519.89	82,730.97
6	C06	c3 3/4	34.12246	111,466.67	39,883.23	70,928.34
6	C07	c3 5/6	34.12246	102,322.05	43,845.49	77,974.81
6	C08	c3 5/6	34.12246	103,490.75	27,473.64	48,859.13
6	C09	c3 5/6	34.12246	110,630.97	36,338.28	64,624.00
6	C10	c3 5/6	34.12246	92,919.78	33,998.97	60,463.77
6	C11	c3 5/6	34.12246	64,875.63	33,499.07	59,574.74
6	C12	c3 5/6	34.12246	54,066.46	12,104.96	21,527.46
6	D01	c2 3/4	34.12246	54,557.65	34,696.92	61,705.00
6	D02	c2 3/4	34.12246	62,606.23	64,054.15	113,913.90
6	D03	c2 3/4	34.12246	81,548.97	62,065.62	110,377.49
6	D04	c2 3/4	34.12246	97,266.66	58,475.55	103,992.92
6	D05	c2 3/4	34.12246	60,397.15	86,844.98	154,445.11
6	D06	c2 3/4	34.12246	93,831.95	55,968.67	99,534.68
6	D07	c2 5/6	34.12246	61,445.09	66,623.49	118,483.22
6	D08	c2 5/6	34.12246	42,575.84	72,243.04	128,477.02
6	D09	c2 5/6	34.12246	67,494.42	58,559.29	104,141.85
6	D10	c2 5/6	34.12246	71,050.50	49,408.17	87,867.48
6	D11	c2 5/6	34.12246	57,246.12	51,845.75	92,202.49
6	D12	c2 5/6	34.12246	22,663.90	42,967.65	76,413.67
6	E01	p11.II.1 3/4	34.12246	66,871.63	67,158.96	119,435.49
6	E02	p11.II.1 3/4	34.12246	83,313.98	85,609.57	152,248.07
6	E03	p11.II.1 3/4	34.12246	101,035.87	86,668.06	154,130.48
6	E04	p11.II.1 3/4	34.12246	48,279.91	69,296.35	123,236.63
6	E05	p11.II.1 3/4	34.12246	70,129.61	98,297.83	174,812.87
6	E06	p11.II.1 3/4	34.12246	86,237.03	81,915.24	145,678.06
6	E07	p11.II.1 5/6	34.12246	58,196.54	96,423.13	171,478.89
6	E08	p11.II.1 5/6	34.12246	60,319.75	77,443.52	137,725.56
6	E09	p11.II.1 5/6	34.12246	65,715.08	77,354.65	137,567.51
6	E10	p11.II.1 5/6	34.12246	46,011.24	104,577.26	185,980.20
6	E11	p11.II.1 5/6	34.12246	35,646.94	80,206.39	142,639.05
6	E12	p11.II.1 5/6	34.12246	49,407.63	53,709.95	95,517.78
6	F01	p4.I.2 3/4	34.12246	45,946.73	21,154.33	37,620.86
6	F02	p4.I.2 3/4	34.12246	44,794.16	29,181.42	51,896.23
6	F03	p4.I.2 3/4	34.12246	29,322.61	43,354.07	77,100.89
6	F04	p4.I.2 3/4	34.12246	29,667.29	36,553.11	65,006.04
6	F05	p4.I.2 3/4	34.12246	33,453.61	29,305.06	52,116.12
6	F06	p4.I.2 3/4	34.12246	41,975.38	17,904.91	31,842.09
6	F07	p4.I.2 5/6	34.12246	33,907.51	40,404.87	71,856.03
6	F08	p4.I.2 5/6	34.12246	39,001.95	19,594.46	34,846.79
6	F09	p4.I.2 5/6	34.12246	23,394.89	41,391.64	73,610.90
6	F10	p4.I.2 5/6	34.12246	27,838.17	28,328.00	50,378.51
6	F11	p4.I.2 5/6	34.12246	16,316.72	36,139.11	64,269.80
6	F12	p4.I.2 5/6	34.12246	25,082.73	16,881.47	30,022.01
6	G01	p4.II.2 3/4	34.12246	18,263.46	32,839.49	58,401.75
6	G02	p4.II.2 3/4	34.12246	41,612.96	28,857.26	51,319.75
6	G03	p4.II.2 3/4	34.12246	55,549.04	30,460.87	54,171.61
6	G04	p4.II.2 3/4	34.12246	36,909.48	42,967.44	76,413.29
6	G05	p4.II.2 3/4	34.12246	56,480.61	31,017.62	55,161.73
6	G06	p4.II.2 3/4	34.12246	42,039.12	31,351.78	55,756.01
6	G07	p4.II.2 5/6	34.12246	35,647.97	32,834.68	58,393.19
6	G08	p4.II.2 5/6	34.12246	34,653.90	38,920.82	69,216.78
6	G09	p4.II.2 5/6	34.12246	37,358.85	24,638.34	43,816.82
6	G10	p4.II.2 5/6	34.12246	40,007.95	31,127.95	55,357.94
6	G11	p4.II.2 5/6	34.12246	15,780.46	17,616.53	31,329.23
6	G12	p4.II.2 5/6	34.12246	20,827.93	35,064.21	62,358.20
6	H01	Background	34.12246	0	0	0
6	H02	Background	34.12246	0	0	0
6	H03	Background	34.12246	0	0	0
6	H04	Background	34.12246	0	0	0
6	H05	Background	34.12246	0	0	0
6	H06	Background	34.12246	0	0	0
6	H07	Background	34.12246	0	0	0
6	H08	Background	34.12246	0	0	0
6	H09	Background	34.12246	0	0	0
6	H10	Background	34.12246	0	0	0
6	H11	Background	34.12246	0	0	0
6	H12	Background	34.12246	0	0	0
7	A01	Background	40.67317	0	0	0
7	A02	Background	40.67317	0	0	0
7	A03	Background	40.67317	0	0	0
7	A04	Background	40.67317	0	0	0
7	A05	Background	40.67317	0	0	0
7	A06	Background	40.67317	0	0	0
7	A07	Background	40.67317	0	0	0
7	A08	Background	40.67317	0	0	0
7	A09	Background	40.67317	0	0	0
7	A10	Background	40.67317	0	0	0
7	A11	Background	40.67317	0	0	0
7	A12	Background	40.67317	0	0	0
7	B01	c1 3/4	40.67317	147,643.55	95,283.83	169,452.76
7	B02	c1 3/4	40.67317	195,825.42	87,785.15	156,117.10
7	B03	c1 3/4	40.67317	325,173.66	157,164.57	279,501.47
7	B04	c1 3/4	40.67317	287,713.62	203,599.12	362,080.67
7	B05	c1 3/4	40.67317	413,657.80	217,706.74	387,169.67
7	B06	c1 3/4	40.67317	392,681.56	232,159.60	412,872.63
7	B07	c1 5/6	40.67317	277,338.28	149,671.74	266,176.22
7	B08	c1 5/6	40.67317	323,122.67	230,451.50	409,834.94
7	B09	c1 5/6	40.67317	177,859.30	118,735.67	211,159.52
7	B10	c1 5/6	40.67317	160,147.08	109,856.44	195,368.70
7	B11	c1 5/6	40.67317	159,340.84	76,588.90	136,205.70
7	B12	c1 5/6	40.67317	71,893.88	93,525.62	166,325.97
7	C01	c3 3/4	40.67317	34,046.52	58,203.54	103,509.17
7	C02	c3 3/4	40.67317	77,442.85	36,395.44	64,725.64
7	C03	c3 3/4	40.67317	104,466.19	36,212.91	64,401.03
7	C04	c3 3/4	40.67317	82,799.45	56,282.86	100,093.44
7	C05	c3 3/4	40.67317	76,217.45	59,876.83	106,484.95
7	C06	c3 3/4	40.67317	108,336.40	40,805.92	72,569.25
7	C07	c3 5/6	40.67317	87,518.84	49,415.06	87,879.74
7	C08	c3 5/6	40.67317	99,192.59	29,588.45	52,620.10
7	C09	c3 5/6	40.67317	110,390.74	37,891.24	67,385.79
7	C10	c3 5/6	40.67317	83,895.32	37,941.69	67,475.51
7	C11	c3 5/6	40.67317	45,799.60	51,824.03	92,163.85
7	C12	c3 5/6	40.67317	51,440.00	11,539.58	20,521.98
7	D01	c2 3/4	40.67317	40,019.00	40,124.01	71,356.54
7	D02	c2 3/4	40.67317	46,586.58	76,341.80	135,766.26
7	D03	c2 3/4	40.67317	55,392.22	79,174.00	140,803.05
7	D04	c2 3/4	40.67317	87,673.39	61,378.21	109,155.01
7	D05	c2 3/4	40.67317	44,088.99	102,073.88	181,528.18
7	D06	c2 3/4	40.67317	89,644.27	56,636.74	100,722.77
7	D07	c2 5/6	40.67317	46,811.07	82,280.59	146,327.80
7	D08	c2 5/6	40.67317	36,481.72	77,626.60	138,051.15
7	D09	c2 5/6	40.67317	49,233.71	74,409.88	132,330.53
7	D10	c2 5/6	40.67317	45,222.57	66,663.62	118,554.58
7	D11	c2 5/6	40.67317	38,012.96	66,304.43	117,915.80
7	D12	c2 5/6	40.67317	21,013.98	42,903.49	76,299.57
7	E01	p11.II.1 3/4	40.67317	65,129.82	67,309.28	119,702.83
7	E02	p11.II.1 3/4	40.67317	70,126.41	93,047.33	165,475.38
7	E03	p11.II.1 3/4	40.67317	96,486.18	90,649.67	161,211.37
7	E04	p11.II.1 3/4	40.67317	37,047.80	78,010.04	138,733.06
7	E05	p11.II.1 3/4	40.67317	57,341.13	108,728.06	193,361.98
7	E06	p11.II.1 3/4	40.67317	75,666.69	92,590.52	164,662.97
7	E07	p11.II.1 5/6	40.67317	45,071.97	110,240.22	196,051.20
7	E08	p11.II.1 5/6	40.67317	52,198.04	89,028.85	158,328.90
7	E09	p11.II.1 5/6	40.67317	55,156.37	84,851.84	150,900.50
7	E10	p11.II.1 5/6	40.67317	38,895.04	114,387.24	203,426.27
7	E11	p11.II.1 5/6	40.67317	28,834.29	85,434.88	151,937.40
7	E12	p11.II.1 5/6	40.67317	34,373.03	60,575.92	107,728.22
7	F01	p4.I.2 3/4	40.67317	37,419.40	23,368.62	41,558.75
7	F02	p4.I.2 3/4	40.67317	35,230.42	37,297.75	66,330.32
7	F03	p4.I.2 3/4	40.67317	26,497.94	45,075.05	80,161.47
7	F04	p4.I.2 3/4	40.67317	23,730.22	39,554.12	70,343.05
7	F05	p4.I.2 3/4	40.67317	29,415.12	36,147.96	64,285.54
7	F06	p4.I.2 3/4	40.67317	34,078.16	25,082.75	44,607.17
7	F07	p4.I.2 5/6	40.67317	31,956.64	45,062.53	80,139.21
7	F08	p4.I.2 5/6	40.67317	27,939.64	29,118.51	51,784.37
7	F09	p4.I.2 5/6	40.67317	20,559.23	45,409.48	80,756.22
7	F10	p4.I.2 5/6	40.67317	23,825.34	37,242.82	66,232.62
7	F11	p4.I.2 5/6	40.67317	12,414.47	39,181.72	69,680.77
7	F12	p4.I.2 5/6	40.67317	16,300.69	19,551.36	34,770.13
7	G01	p4.II.2 3/4	40.67317	16,822.47	33,948.88	60,374.68
7	G02	p4.II.2 3/4	40.67317	37,395.50	31,446.51	55,924.48
7	G03	p4.II.2 3/4	40.67317	45,834.91	35,136.32	62,486.43
7	G04	p4.II.2 3/4	40.67317	30,508.86	47,371.83	84,246.06
7	G05	p4.II.2 3/4	40.67317	49,839.70	33,153.91	58,960.91
7	G06	p4.II.2 3/4	40.67317	30,862.88	42,425.49	75,449.50
7	G07	p4.II.2 5/6	40.67317	23,247.70	40,592.22	72,189.21
7	G08	p4.II.2 5/6	40.67317	27,182.31	47,763.41	84,942.45
7	G09	p4.II.2 5/6	40.67317	27,098.02	32,856.98	58,432.85
7	G10	p4.II.2 5/6	40.67317	32,418.61	35,949.08	63,931.85
7	G11	p4.II.2 5/6	40.67317	3,841.81	23,078.43	41,042.68
7	G12	p4.II.2 5/6	40.67317	18,102.88	35,420.67	62,992.13
7	H01	Background	40.67317	0	0	0
7	H02	Background	40.67317	0	0	0
7	H03	Background	40.67317	0	0	0
7	H04	Background	40.67317	0	0	0
7	H05	Background	40.67317	0	0	0
7	H06	Background	40.67317	0	0	0
7	H07	Background	40.67317	0	0	0
7	H08	Background	40.67317	0	0	0
7	H09	Background	40.67317	0	0	0
7	H10	Background	40.67317	0	0	0
7	H11	Background	40.67317	0	0	0
7	H12	Background	40.67317	0	0	0
8	A01	Background	47.32736	0	0	0
8	A02	Background	47.32736	0	0	0
8	A03	Background	47.32736	0	0	0
8	A04	Background	47.32736	0	0	0
8	A05	Background	47.32736	0	0	0
8	A06	Background	47.32736	0	0	0
8	A07	Background	47.32736	0	0	0
8	A08	Background	47.32736	0	0	0
8	A09	Background	47.32736	0	0	0
8	A10	Background	47.32736	0	0	0
8	A11	Background	47.32736	0	0	0
8	A12	Background	47.32736	0	0	0
8	B01	c1 3/4	47.32736	390,507.80	149,880.35	266,547.21
8	B02	c1 3/4	47.32736	435,035.49	155,817.00	277,104.96
8	B03	c1 3/4	47.32736	845,384.42	253,985.29	451,687.43
8	B04	c1 3/4	47.32736	705,842.30	308,425.96	548,504.73
8	B05	c1 3/4	47.32736	725,649.84	287,502.66	511,294.73
8	B06	c1 3/4	47.32736	896,116.94	361,610.41	643,087.96
8	B07	c1 5/6	47.32736	471,656.39	242,516.32	431,291.03
8	B08	c1 5/6	47.32736	861,183.65	338,325.04	601,677.25
8	B09	c1 5/6	47.32736	381,013.28	175,555.56	312,208.01
8	B10	c1 5/6	47.32736	363,761.60	169,368.51	301,204.95
8	B11	c1 5/6	47.32736	317,183.68	149,126.65	265,206.83
8	B12	c1 5/6	47.32736	289,872.14	126,297.55	224,607.57
8	C01	c3 3/4	47.32736	178,965.89	61,316.60	109,045.45
8	C02	c3 3/4	47.32736	266,159.30	56,103.00	99,773.58
8	C03	c3 3/4	47.32736	255,350.91	69,679.59	123,918.19
8	C04	c3 3/4	47.32736	300,804.64	94,854.82	168,689.81
8	C05	c3 3/4	47.32736	268,741.01	81,347.64	144,668.64
8	C06	c3 3/4	47.32736	282,848.20	91,206.50	162,201.64
8	C07	c3 5/6	47.32736	319,600.12	96,382.91	171,407.37
8	C08	c3 5/6	47.32736	278,540.52	61,359.87	109,122.40
8	C09	c3 5/6	47.32736	301,534.72	92,523.93	164,544.57
8	C10	c3 5/6	47.32736	283,133.74	70,399.08	125,197.72
8	C11	c3 5/6	47.32736	302,914.59	69,306.42	123,254.54
8	C12	c3 5/6	47.32736	148,910.37	40,346.55	71,752.30
8	D01	c2 3/4	47.32736	124,808.09	55,747.98	99,142.21
8	D02	c2 3/4	47.32736	202,427.98	79,310.72	141,046.18
8	D03	c2 3/4	47.32736	209,234.82	80,949.49	143,960.57
8	D04	c2 3/4	47.32736	242,351.55	91,678.22	163,040.54
8	D05	c2 3/4	47.32736	214,929.67	96,086.25	170,879.78
8	D06	c2 3/4	47.32736	198,704.78	94,944.38	168,849.09
8	D07	c2 5/6	47.32736	265,621.73	102,957.57	183,099.74
8	D08	c2 5/6	47.32736	217,170.34	71,220.10	126,657.83
8	D09	c2 5/6	47.32736	245,883.71	84,409.74	150,114.28
8	D10	c2 5/6	47.32736	214,529.78	70,720.09	125,768.61
8	D11	c2 5/6	47.32736	188,183.17	74,182.19	131,925.60
8	D12	c2 5/6	47.32736	117,410.52	46,102.43	81,988.55
8	E01	p11.II.1 3/4	47.32736	121,630.12	95,575.25	169,971.03
8	E02	p11.II.1 3/4	47.32736	167,362.88	99,561.66	177,060.46
8	E03	p11.II.1 3/4	47.32736	158,876.22	121,228.67	215,593.07
8	E04	p11.II.1 3/4	47.32736	106,693.21	90,567.54	161,065.31
8	E05	p11.II.1 3/4	47.32736	169,038.04	123,782.20	220,134.27
8	E06	p11.II.1 3/4	47.32736	159,720.42	115,718.23	205,793.29
8	E07	p11.II.1 5/6	47.32736	178,356.61	115,729.40	205,813.16
8	E08	p11.II.1 5/6	47.32736	181,626.62	103,291.24	183,693.13
8	E09	p11.II.1 5/6	47.32736	156,140.97	95,931.93	170,605.34
8	E10	p11.II.1 5/6	47.32736	167,532.10	130,882.52	232,761.48
8	E11	p11.II.1 5/6	47.32736	127,428.16	85,682.92	152,378.51
8	E12	p11.II.1 5/6	47.32736	118,727.53	86,193.41	153,286.36
8	F01	p4.I.2 3/4	47.32736	81,783.80	34,063.80	60,579.06
8	F02	p4.I.2 3/4	47.32736	107,714.76	39,046.72	69,440.69
8	F03	p4.I.2 3/4	47.32736	104,850.68	42,782.06	76,083.61
8	F04	p4.I.2 3/4	47.32736	96,912.37	23,848.99	42,413.04
8	F05	p4.I.2 3/4	47.32736	133,800.19	32,580.49	57,941.15
8	F06	p4.I.2 3/4	47.32736	122,907.87	15,451.09	27,478.22
8	F07	p4.I.2 5/6	47.32736	115,048.84	42,648.08	75,845.34
8	F08	p4.I.2 5/6	47.32736	144,788.45	40,669.60	72,326.81
8	F09	p4.I.2 5/6	47.32736	100,672.46	34,582.66	61,501.81
8	F10	p4.I.2 5/6	47.32736	112,524.95	30,097.54	53,525.47
8	F11	p4.I.2 5/6	47.32736	81,296.87	29,654.18	52,737.00
8	F12	p4.I.2 5/6	47.32736	118,643.42	37,446.63	66,595.09
8	G01	p4.II.2 3/4	47.32736	63,601.90	32,517.08	57,828.38
8	G02	p4.II.2 3/4	47.32736	101,282.93	30,376.56	54,021.68
8	G03	p4.II.2 3/4	47.32736	110,562.86	46,355.49	82,438.61
8	G04	p4.II.2 3/4	47.32736	92,935.22	45,220.79	80,420.65
8	G05	p4.II.2 3/4	47.32736	97,972.02	52,713.72	93,746.08
8	G06	p4.II.2 3/4	47.32736	90,572.07	51,650.63	91,855.47
8	G07	p4.II.2 5/6	47.32736	99,953.17	54,033.92	96,093.93
8	G08	p4.II.2 5/6	47.32736	119,402.47	56,867.78	101,133.66
8	G09	p4.II.2 5/6	47.32736	93,151.03	32,846.73	58,414.62
8	G10	p4.II.2 5/6	47.32736	115,445.30	35,032.34	62,301.52
8	G11	p4.II.2 5/6	47.32736	74,862.69	36,870.23	65,570.01
8	G12	p4.II.2 5/6	47.32736	97,514.67	43,391.81	77,168.00
8	H01	Background	47.32736	0	0	0
8	H02	Background	47.32736	0	0	0
8	H03	Background	47.32736	0	0	0
8	H04	Background	47.32736	0	0	0
8	H05	Background	47.32736	0	0	0
8	H06	Background	47.32736	0	0	0
8	H07	Background	47.32736	0	0	0
8	H08	Background	47.32736	0	0	0
8	H09	Background	47.32736	0	0	0
8	H10	Background	47.32736	0	0	0
8	H11	Background	47.32736	0	0	0
8	H12	Background	47.32736	0	0	0
9	A01	Background	53.88613	0	0	0
9	A02	Background	53.88613	0	0	0
9	A03	Background	53.88613	0	0	0
9	A04	Background	53.88613	0	0	0
9	A05	Background	53.88613	0	0	0
9	A06	Background	53.88613	0	0	0
9	A07	Background	53.88613	0	0	0
9	A08	Background	53.88613	0	0	0
9	A09	Background	53.88613	0	0	0
9	A10	Background	53.88613	0	0	0
9	A11	Background	53.88613	0	0	0
9	A12	Background	53.88613	0	0	0
9	B01	c1 3/4	53.88613	383,944.33	161,268.89	286,800.60
9	B02	c1 3/4	53.88613	452,677.17	178,079.27	316,696.18
9	B03	c1 3/4	53.88613	844,676.16	268,835.43	478,096.92
9	B04	c1 3/4	53.88613	703,967.54	305,396.11	543,116.44
9	B05	c1 3/4	53.88613	623,154.59	273,561.38	486,501.55
9	B06	c1 3/4	53.88613	784,707.43	360,655.50	641,389.74
9	B07	c1 5/6	53.88613	499,035.12	283,851.97	504,802.34
9	B08	c1 5/6	53.88613	811,568.92	341,594.50	607,491.66
9	B09	c1 5/6	53.88613	381,192.08	203,859.52	362,543.76
9	B10	c1 5/6	53.88613	361,153.31	197,243.92	350,778.58
9	B11	c1 5/6	53.88613	306,913.84	171,213.59	304,486.25
9	B12	c1 5/6	53.88613	281,193.92	136,302.16	242,399.75
9	C01	c3 3/4	53.88613	212,142.38	70,142.98	124,742.28
9	C02	c3 3/4	53.88613	281,579.61	71,774.17	127,643.19
9	C03	c3 3/4	53.88613	253,778.11	80,186.95	142,604.47
9	C04	c3 3/4	53.88613	293,955.43	103,294.28	183,698.55
9	C05	c3 3/4	53.88613	281,596.82	96,653.35	171,888.31
9	C06	c3 3/4	53.88613	287,859.58	100,515.21	178,756.25
9	C07	c3 5/6	53.88613	326,799.51	106,975.91	190,245.95
9	C08	c3 5/6	53.88613	287,817.66	78,609.74	139,799.57
9	C09	c3 5/6	53.88613	313,553.47	108,070.18	192,192.01
9	C10	c3 5/6	53.88613	289,029.27	86,421.30	153,691.64
9	C11	c3 5/6	53.88613	296,306.49	77,807.18	138,372.28
9	C12	c3 5/6	53.88613	139,530.44	45,232.14	80,440.83
9	D01	c2 3/4	53.88613	132,405.51	63,423.70	112,792.70
9	D02	c2 3/4	53.88613	203,264.45	88,223.72	156,897.07
9	D03	c2 3/4	53.88613	212,432.07	87,922.61	156,361.57
9	D04	c2 3/4	53.88613	242,020.55	103,900.45	184,776.57
9	D05	c2 3/4	53.88613	219,022.74	103,214.10	183,555.95
9	D06	c2 3/4	53.88613	206,019.51	97,025.51	172,550.17
9	D07	c2 5/6	53.88613	258,245.73	109,051.57	193,937.31
9	D08	c2 5/6	53.88613	213,552.36	86,870.41	154,490.34
9	D09	c2 5/6	53.88613	236,892.54	99,720.02	177,342.08
9	D10	c2 5/6	53.88613	213,635.19	90,276.53	160,547.79
9	D11	c2 5/6	53.88613	180,351.91	83,424.46	148,362.06
9	D12	c2 5/6	53.88613	122,449.94	52,348.98	93,097.42
9	E01	p11.II.1 3/4	53.88613	127,479.74	108,686.57	193,288.20
9	E02	p11.II.1 3/4	53.88613	174,666.97	130,458.67	232,007.70
9	E03	p11.II.1 3/4	53.88613	171,782.40	137,525.37	244,575.11
9	E04	p11.II.1 3/4	53.88613	113,903.79	95,099.13	169,124.29
9	E05	p11.II.1 3/4	53.88613	177,221.57	132,237.14	235,170.54
9	E06	p11.II.1 3/4	53.88613	169,079.43	129,992.13	231,178.00
9	E07	p11.II.1 5/6	53.88613	179,519.92	132,373.83	235,413.62
9	E08	p11.II.1 5/6	53.88613	179,816.19	117,202.27	208,432.52
9	E09	p11.II.1 5/6	53.88613	161,848.98	114,307.66	203,284.75
9	E10	p11.II.1 5/6	53.88613	170,177.72	139,252.08	247,645.91
9	E11	p11.II.1 5/6	53.88613	129,000.34	105,045.41	186,812.76
9	E12	p11.II.1 5/6	53.88613	119,090.22	95,968.31	170,670.05
9	F01	p4.I.2 3/4	53.88613	94,588.91	39,996.96	71,130.59
9	F02	p4.I.2 3/4	53.88613	108,938.55	55,003.67	97,818.54
9	F03	p4.I.2 3/4	53.88613	114,464.52	53,637.34	95,388.65
9	F04	p4.I.2 3/4	53.88613	109,811.85	46,857.99	83,332.25
9	F05	p4.I.2 3/4	53.88613	144,854.88	49,974.22	88,874.15
9	F06	p4.I.2 3/4	53.88613	132,971.62	39,424.16	70,111.93
9	F07	p4.I.2 5/6	53.88613	133,449.40	54,711.05	97,298.14
9	F08	p4.I.2 5/6	53.88613	151,279.71	52,066.36	92,594.81
9	F09	p4.I.2 5/6	53.88613	116,205.76	48,901.18	86,965.86
9	F10	p4.I.2 5/6	53.88613	127,121.08	47,961.60	85,294.90
9	F11	p4.I.2 5/6	53.88613	93,241.24	46,696.62	83,045.28
9	F12	p4.I.2 5/6	53.88613	124,471.51	41,406.34	73,637.04
9	G01	p4.II.2 3/4	53.88613	74,251.51	38,792.81	68,989.13
9	G02	p4.II.2 3/4	53.88613	115,693.23	43,978.70	78,211.72
9	G03	p4.II.2 3/4	53.88613	120,422.08	56,854.36	101,109.80
9	G04	p4.II.2 3/4	53.88613	103,474.65	50,596.47	89,980.77
9	G05	p4.II.2 3/4	53.88613	111,919.34	59,604.96	106,001.46
9	G06	p4.II.2 3/4	53.88613	102,284.09	55,013.78	97,836.51
9	G07	p4.II.2 5/6	53.88613	111,438.06	64,607.81	114,898.53
9	G08	p4.II.2 5/6	53.88613	126,134.35	67,209.81	119,525.92
9	G09	p4.II.2 5/6	53.88613	105,023.85	46,144.15	82,062.75
9	G10	p4.II.2 5/6	53.88613	128,084.50	51,673.80	91,896.69
9	G11	p4.II.2 5/6	53.88613	81,113.22	43,732.38	77,773.67
9	G12	p4.II.2 5/6	53.88613	97,803.09	45,186.35	80,359.40
9	H01	Background	53.88613	0	0	0
9	H02	Background	53.88613	0	0	0
9	H03	Background	53.88613	0	0	0
9	H04	Background	53.88613	0	0	0
9	H05	Background	53.88613	0	0	0
9	H06	Background	53.88613	0	0	0
9	H07	Background	53.88613	0	0	0
9	H08	Background	53.88613	0	0	0
9	H09	Background	53.88613	0	0	0
9	H10	Background	53.88613	0	0	0
9	H11	Background	53.88613	0	0	0
9	H12	Background	53.88613	0	0	0
10	A01	Background	60.43425	0	0	0
10	A02	Background	60.43425	0	0	0
10	A03	Background	60.43425	0	0	0
10	A04	Background	60.43425	0	0	0
10	A05	Background	60.43425	0	0	0
10	A06	Background	60.43425	0	0	0
10	A07	Background	60.43425	0	0	0
10	A08	Background	60.43425	0	0	0
10	A09	Background	60.43425	0	0	0
10	A10	Background	60.43425	0	0	0
10	A11	Background	60.43425	0	0	0
10	A12	Background	60.43425	0	0	0
10	B01	c1 3/4	60.43425	361,545.46	164,196.83	292,007.65
10	B02	c1 3/4	60.43425	456,022.74	182,203.06	324,029.93
10	B03	c1 3/4	60.43425	817,582.96	275,102.04	489,241.47
10	B04	c1 3/4	60.43425	683,872.45	307,785.59	547,365.89
10	B05	c1 3/4	60.43425	594,114.89	270,397.41	480,874.76
10	B06	c1 3/4	60.43425	739,354.84	361,272.91	642,487.74
10	B07	c1 5/6	60.43425	490,810.61	290,029.06	515,787.67
10	B08	c1 5/6	60.43425	758,067.57	340,360.38	605,296.89
10	B09	c1 5/6	60.43425	348,562.93	212,237.34	377,442.89
10	B10	c1 5/6	60.43425	328,589.71	202,945.18	360,917.71
10	B11	c1 5/6	60.43425	282,086.08	175,282.91	311,723.13
10	B12	c1 5/6	60.43425	266,476.27	138,646.64	246,569.19
10	C01	c3 3/4	60.43425	216,827.41	77,698.54	138,179.09
10	C02	c3 3/4	60.43425	285,392.72	78,766.06	140,077.56
10	C03	c3 3/4	60.43425	255,274.61	83,325.36	148,185.83
10	C04	c3 3/4	60.43425	305,527.96	108,293.83	192,589.75
10	C05	c3 3/4	60.43425	293,595.11	102,676.04	182,599.07
10	C06	c3 3/4	60.43425	297,432.16	105,428.87	187,494.70
10	C07	c3 5/6	60.43425	324,298.18	108,592.22	193,120.40
10	C08	c3 5/6	60.43425	289,676.16	84,825.63	150,853.91
10	C09	c3 5/6	60.43425	317,518.27	112,529.59	200,122.61
10	C10	c3 5/6	60.43425	278,300.98	91,104.71	162,020.62
10	C11	c3 5/6	60.43425	288,948.89	83,842.10	149,104.78
10	C12	c3 5/6	60.43425	137,306.95	45,070.41	80,153.21
10	D01	c2 3/4	60.43425	135,695.79	69,329.54	123,295.66
10	D02	c2 3/4	60.43425	206,606.35	94,144.36	167,426.32
10	D03	c2 3/4	60.43425	215,176.38	93,507.98	166,294.59
10	D04	c2 3/4	60.43425	241,539.34	110,615.88	196,719.28
10	D05	c2 3/4	60.43425	226,943.48	110,394.16	196,324.98
10	D06	c2 3/4	60.43425	210,140.74	102,967.16	183,116.80
10	D07	c2 5/6	60.43425	253,379.39	113,000.95	200,960.89
10	D08	c2 5/6	60.43425	219,023.59	94,052.09	167,262.23
10	D09	c2 5/6	60.43425	228,803.38	103,036.44	183,240.00
10	D10	c2 5/6	60.43425	212,176.62	97,645.02	173,651.91
10	D11	c2 5/6	60.43425	181,885.57	92,468.91	164,446.70
10	D12	c2 5/6	60.43425	132,430.70	54,913.68	97,658.50
10	E01	p11.II.1 3/4	60.43425	128,638.31	118,331.59	210,440.89
10	E02	p11.II.1 3/4	60.43425	177,526.21	139,731.91	248,499.24
10	E03	p11.II.1 3/4	60.43425	175,909.94	147,523.64	262,356.04
10	E04	p11.II.1 3/4	60.43425	117,366.81	100,279.20	178,336.53
10	E05	p11.II.1 3/4	60.43425	179,389.59	139,327.22	247,779.53
10	E06	p11.II.1 3/4	60.43425	173,625.46	139,817.42	248,651.30
10	E07	p11.II.1 5/6	60.43425	181,619.37	143,049.32	254,398.91
10	E08	p11.II.1 5/6	60.43425	178,948.06	123,762.56	220,099.35
10	E09	p11.II.1 5/6	60.43425	161,946.57	119,026.01	211,675.86
10	E10	p11.II.1 5/6	60.43425	173,817.96	145,542.05	258,831.98
10	E11	p11.II.1 5/6	60.43425	130,752.03	114,340.60	203,343.32
10	E12	p11.II.1 5/6	60.43425	124,301.00	97,586.47	173,547.78
10	F01	p4.I.2 3/4	60.43425	102,290.04	45,557.12	81,018.78
10	F02	p4.I.2 3/4	60.43425	126,646.84	59,025.24	104,970.48
10	F03	p4.I.2 3/4	60.43425	122,018.83	57,911.81	102,990.36
10	F04	p4.I.2 3/4	60.43425	116,342.21	52,502.41	93,370.28
10	F05	p4.I.2 3/4	60.43425	149,500.07	54,746.54	97,361.25
10	F06	p4.I.2 3/4	60.43425	140,130.63	44,813.88	79,697.01
10	F07	p4.I.2 5/6	60.43425	145,546.82	62,312.76	110,817.02
10	F08	p4.I.2 5/6	60.43425	155,801.06	58,556.87	104,137.54
10	F09	p4.I.2 5/6	60.43425	126,789.81	56,384.90	100,274.91
10	F10	p4.I.2 5/6	60.43425	136,306.03	55,549.81	98,789.78
10	F11	p4.I.2 5/6	60.43425	103,573.60	52,390.37	93,171.03
10	F12	p4.I.2 5/6	60.43425	131,254.23	43,462.84	77,294.32
10	G01	p4.II.2 3/4	60.43425	79,409.60	42,609.47	75,776.68
10	G02	p4.II.2 3/4	60.43425	121,606.67	47,708.25	84,844.35
10	G03	p4.II.2 3/4	60.43425	127,077.53	59,961.44	106,635.43
10	G04	p4.II.2 3/4	60.43425	113,856.32	56,751.19	100,926.32
10	G05	p4.II.2 3/4	60.43425	117,437.60	65,757.61	116,943.34
10	G06	p4.II.2 3/4	60.43425	107,462.57	61,197.18	108,833.06
10	G07	p4.II.2 5/6	60.43425	118,508.84	68,599.30	121,997.00
10	G08	p4.II.2 5/6	60.43425	135,086.94	71,862.63	127,800.51
10	G09	p4.II.2 5/6	60.43425	112,737.02	51,454.00	91,505.80
10	G10	p4.II.2 5/6	60.43425	136,296.16	55,455.31	98,621.72
10	G11	p4.II.2 5/6	60.43425	92,362.75	46,583.95	82,844.90
10	G12	p4.II.2 5/6	60.43425	102,795.35	46,445.01	82,597.80
10	H01	Background	60.43425	0	0	0
10	H02	Background	60.43425	0	0	0
10	H03	Background	60.43425	0	0	0
10	H04	Background	60.43425	0	0	0
10	H05	Background	60.43425	0	0	0
10	H06	Background	60.43425	0	0	0
10	H07	Background	60.43425	0	0	0
10	H08	Background	60.43425	0	0	0
10	H09	Background	60.43425	0	0	0
10	H10	Background	60.43425	0	0	0
10	H11	Background	60.43425	0	0	0
10	H12	Background	60.43425	0	0	0
11	A01	Background	67.08974	0	0	0
11	A02	Background	67.08974	0	0	0
11	A03	Background	67.08974	0	0	0
11	A04	Background	67.08974	0	0	0
11	A05	Background	67.08974	0	0	0
11	A06	Background	67.08974	0	0	0
11	A07	Background	67.08974	0	0	0
11	A08	Background	67.08974	0	0	0
11	A09	Background	67.08974	0	0	0
11	A10	Background	67.08974	0	0	0
11	A11	Background	67.08974	0	0	0
11	A12	Background	67.08974	0	0	0
11	B01	c1 3/4	67.08974	296,803.38	171,428.71	304,868.82
11	B02	c1 3/4	67.08974	391,936.58	193,604.98	344,307.09
11	B03	c1 3/4	67.08974	749,302.16	299,818.74	533,197.65
11	B04	c1 3/4	67.08974	652,414.60	343,779.53	611,377.52
11	B05	c1 3/4	67.08974	600,185.49	295,539.90	525,588.15
11	B06	c1 3/4	67.08974	746,625.27	387,969.77	689,965.43
11	B07	c1 5/6	67.08974	435,147.50	303,231.60	539,267.07
11	B08	c1 5/6	67.08974	650,887.27	362,908.68	645,396.79
11	B09	c1 5/6	67.08974	292,529.10	225,117.76	400,349.43
11	B10	c1 5/6	67.08974	289,473.28	204,571.95	363,810.76
11	B11	c1 5/6	67.08974	251,850.44	177,957.23	316,479.13
11	B12	c1 5/6	67.08974	240,652.73	151,121.75	268,754.92
11	C01	c3 3/4	67.08974	234,612.47	86,032.66	153,000.48
11	C02	c3 3/4	67.08974	284,103.27	77,843.22	138,436.39
11	C03	c3 3/4	67.08974	309,274.82	106,298.95	189,042.05
11	C04	c3 3/4	67.08974	316,049.23	119,065.41	211,745.92
11	C05	c3 3/4	67.08974	315,060.97	110,866.33	197,164.68
11	C06	c3 3/4	67.08974	313,029.73	112,897.92	200,777.65
11	C07	c3 5/6	67.08974	314,036.85	117,750.98	209,408.34
11	C08	c3 5/6	67.08974	279,277.56	77,776.70	138,318.09
11	C09	c3 5/6	67.08974	302,585.61	111,046.52	197,485.14
11	C10	c3 5/6	67.08974	247,606.38	88,219.79	156,890.07
11	C11	c3 5/6	67.08974	272,865.70	78,599.96	139,782.17
11	C12	c3 5/6	67.08974	129,762.65	46,537.24	82,761.83
11	D01	c2 3/4	67.08974	136,252.99	74,606.08	132,679.45
11	D02	c2 3/4	67.08974	212,457.66	100,925.88	179,486.59
11	D03	c2 3/4	67.08974	238,538.47	105,901.37	188,335.00
11	D04	c2 3/4	67.08974	235,854.57	115,147.69	204,778.66
11	D05	c2 3/4	67.08974	243,788.55	122,973.70	218,696.42
11	D06	c2 3/4	67.08974	215,195.43	114,773.48	204,113.15
11	D07	c2 5/6	67.08974	247,293.95	121,863.46	216,721.98
11	D08	c2 5/6	67.08974	234,109.20	98,383.59	174,965.38
11	D09	c2 5/6	67.08974	219,941.21	106,285.21	189,017.62
11	D10	c2 5/6	67.08974	209,121.65	87,898.49	156,318.68
11	D11	c2 5/6	67.08974	183,206.46	88,698.18	157,740.85
11	D12	c2 5/6	67.08974	135,079.22	60,025.94	106,750.13
11	E01	p11.II.1 3/4	67.08974	133,084.97	125,193.29	222,643.75
11	E02	p11.II.1 3/4	67.08974	181,410.58	134,705.21	239,559.74
11	E03	p11.II.1 3/4	67.08974	185,816.54	161,638.61	287,458.10
11	E04	p11.II.1 3/4	67.08974	121,856.26	117,411.85	208,805.23
11	E05	p11.II.1 3/4	67.08974	186,730.84	161,353.17	286,950.47
11	E06	p11.II.1 3/4	67.08974	181,108.31	153,969.43	273,819.24
11	E07	p11.II.1 5/6	67.08974	182,465.25	149,979.93	266,724.31
11	E08	p11.II.1 5/6	67.08974	178,858.57	125,118.85	222,511.37
11	E09	p11.II.1 5/6	67.08974	167,931.20	127,285.28	226,364.15
11	E10	p11.II.1 5/6	67.08974	177,988.23	158,561.66	281,986.05
11	E11	p11.II.1 5/6	67.08974	135,953.39	106,992.04	190,274.65
11	E12	p11.II.1 5/6	67.08974	123,227.76	100,670.45	179,032.33
11	F01	p4.I.2 3/4	67.08974	107,976.71	48,233.77	85,778.94
11	F02	p4.I.2 3/4	67.08974	134,831.73	58,073.37	103,277.68
11	F03	p4.I.2 3/4	67.08974	128,672.12	59,134.35	105,164.52
11	F04	p4.I.2 3/4	67.08974	123,393.57	41,348.62	73,534.38
11	F05	p4.I.2 3/4	67.08974	153,634.04	50,090.05	89,080.14
11	F06	p4.I.2 3/4	67.08974	143,509.22	31,383.37	55,812.18
11	F07	p4.I.2 5/6	67.08974	153,545.12	60,722.31	107,988.56
11	F08	p4.I.2 5/6	67.08974	155,026.50	50,529.55	89,861.74
11	F09	p4.I.2 5/6	67.08974	138,447.69	54,220.34	96,425.46
11	F10	p4.I.2 5/6	67.08974	138,379.62	50,371.96	89,581.50
11	F11	p4.I.2 5/6	67.08974	110,190.30	46,163.97	82,098.00
11	F12	p4.I.2 5/6	67.08974	134,652.30	48,795.76	86,778.37
11	G01	p4.II.2 3/4	67.08974	79,126.45	44,115.06	78,454.22
11	G02	p4.II.2 3/4	67.08974	125,405.23	46,194.69	82,152.63
11	G03	p4.II.2 3/4	67.08974	134,873.54	62,444.92	111,052.05
11	G04	p4.II.2 3/4	67.08974	119,358.49	63,158.49	112,321.06
11	G05	p4.II.2 3/4	67.08974	123,460.70	71,735.92	127,575.17
11	G06	p4.II.2 3/4	67.08974	114,528.27	65,849.01	117,105.88
11	G07	p4.II.2 5/6	67.08974	125,409.73	71,174.66	126,577.02
11	G08	p4.II.2 5/6	67.08974	139,676.96	70,378.84	125,161.73
11	G09	p4.II.2 5/6	67.08974	119,504.29	46,798.76	83,226.92
11	G10	p4.II.2 5/6	67.08974	144,316.73	50,825.79	90,388.59
11	G11	p4.II.2 5/6	67.08974	96,968.89	47,567.12	84,593.36
11	G12	p4.II.2 5/6	67.08974	106,253.20	49,439.91	87,923.93
11	H01	Background	67.08974	0	0	0
11	H02	Background	67.08974	0	0	0
11	H03	Background	67.08974	0	0	0
11	H04	Background	67.08974	0	0	0
11	H05	Background	67.08974	0	0	0
11	H06	Background	67.08974	0	0	0
11	H07	Background	67.08974	0	0	0
11	H08	Background	67.08974	0	0	0
11	H09	Background	67.08974	0	0	0
11	H10	Background	67.08974	0	0	0
11	H11	Background	67.08974	0	0	0
11	H12	Background	67.08974	0	0	0
12	A01	Background	73.63811	0	0	0
12	A02	Background	73.63811	0	0	0
12	A03	Background	73.63811	0	0	0
12	A04	Background	73.63811	0	0	0
12	A05	Background	73.63811	0	0	0
12	A06	Background	73.63811	0	0	0
12	A07	Background	73.63811	0	0	0
12	A08	Background	73.63811	0	0	0
12	A09	Background	73.63811	0	0	0
12	A10	Background	73.63811	0	0	0
12	A11	Background	73.63811	0	0	0
12	A12	Background	73.63811	0	0	0
12	B01	c1 3/4	73.63811	291,081.58	172,082.63	306,031.75
12	B02	c1 3/4	73.63811	383,927.82	194,795.26	346,423.89
12	B03	c1 3/4	73.63811	735,101.92	297,936.98	529,851.13
12	B04	c1 3/4	73.63811	630,545.01	325,515.13	578,896.11
12	B05	c1 3/4	73.63811	580,408.89	279,095.13	496,342.78
12	B06	c1 3/4	73.63811	713,746.59	372,468.23	662,397.50
12	B07	c1 5/6	73.63811	416,218.14	308,913.89	549,372.46
12	B08	c1 5/6	73.63811	587,725.32	353,732.17	629,077.30
12	B09	c1 5/6	73.63811	281,669.90	227,634.65	404,825.46
12	B10	c1 5/6	73.63811	270,862.88	210,949.18	375,152.02
12	B11	c1 5/6	73.63811	238,571.97	182,163.77	323,960.05
12	B12	c1 5/6	73.63811	227,156.48	144,628.39	257,207.13
12	C01	c3 3/4	73.63811	235,785.41	86,577.20	153,968.90
12	C02	c3 3/4	73.63811	287,556.12	86,870.03	154,489.65
12	C03	c3 3/4	73.63811	313,781.20	103,521.46	184,102.57
12	C04	c3 3/4	73.63811	318,576.70	117,130.15	208,304.25
12	C05	c3 3/4	73.63811	314,949.62	112,604.28	200,255.45
12	C06	c3 3/4	73.63811	314,168.75	112,069.20	199,303.87
12	C07	c3 5/6	73.63811	313,909.16	116,066.13	206,412.00
12	C08	c3 5/6	73.63811	275,410.42	85,684.88	152,381.99
12	C09	c3 5/6	73.63811	303,666.82	115,232.68	204,929.80
12	C10	c3 5/6	73.63811	245,137.79	90,659.99	161,229.73
12	C11	c3 5/6	73.63811	266,772.27	83,582.92	148,643.87
12	C12	c3 5/6	73.63811	132,091.03	47,405.53	84,306.00
12	D01	c2 3/4	73.63811	135,367.65	76,250.66	135,604.17
12	D02	c2 3/4	73.63811	213,491.32	103,771.66	184,547.53
12	D03	c2 3/4	73.63811	236,164.56	107,157.42	190,568.75
12	D04	c2 3/4	73.63811	236,591.74	115,383.32	205,197.69
12	D05	c2 3/4	73.63811	244,615.66	124,264.27	220,991.58
12	D06	c2 3/4	73.63811	215,085.98	115,386.61	205,203.55
12	D07	c2 5/6	73.63811	246,288.48	120,926.70	215,056.04
12	D08	c2 5/6	73.63811	231,621.76	102,467.68	182,228.52
12	D09	c2 5/6	73.63811	216,047.34	104,136.78	185,196.85
12	D10	c2 5/6	73.63811	203,211.53	97,142.83	172,758.82
12	D11	c2 5/6	73.63811	182,649.97	91,196.95	162,184.66
12	D12	c2 5/6	73.63811	136,676.86	61,600.38	109,550.11
12	E01	p11.II.1 3/4	73.63811	127,712.45	125,935.69	223,964.03
12	E02	p11.II.1 3/4	73.63811	180,190.60	144,188.15	256,424.20
12	E03	p11.II.1 3/4	73.63811	184,192.81	160,728.91	285,840.29
12	E04	p11.II.1 3/4	73.63811	121,503.50	114,124.78	202,959.51
12	E05	p11.II.1 3/4	73.63811	185,551.15	157,482.33	280,066.57
12	E06	p11.II.1 3/4	73.63811	180,099.26	155,218.82	276,041.16
12	E07	p11.II.1 5/6	73.63811	178,720.71	150,205.17	267,124.87
12	E08	p11.II.1 5/6	73.63811	171,889.51	127,478.52	226,707.79
12	E09	p11.II.1 5/6	73.63811	164,894.57	128,405.09	228,355.62
12	E10	p11.II.1 5/6	73.63811	171,640.34	157,638.43	280,344.19
12	E11	p11.II.1 5/6	73.63811	134,471.13	113,570.89	201,974.47
12	E12	p11.II.1 5/6	73.63811	119,927.56	103,470.53	184,011.99
12	F01	p4.I.2 3/4	73.63811	111,953.41	48,153.43	85,636.06
12	F02	p4.I.2 3/4	73.63811	137,610.06	61,800.73	109,906.41
12	F03	p4.I.2 3/4	73.63811	133,682.59	60,926.63	108,351.91
12	F04	p4.I.2 3/4	73.63811	127,853.68	52,274.11	92,964.28
12	F05	p4.I.2 3/4	73.63811	158,833.06	55,982.98	99,560.12
12	F06	p4.I.2 3/4	73.63811	146,969.27	44,813.54	79,696.39
12	F07	p4.I.2 5/6	73.63811	158,922.79	63,593.27	113,094.27
12	F08	p4.I.2 5/6	73.63811	156,448.80	54,404.50	96,752.97
12	F09	p4.I.2 5/6	73.63811	145,416.21	57,511.66	102,278.74
12	F10	p4.I.2 5/6	73.63811	140,701.36	55,530.66	98,755.72
12	F11	p4.I.2 5/6	73.63811	113,039.22	50,166.79	89,216.62
12	F12	p4.I.2 5/6	73.63811	140,499.79	49,488.20	88,009.82
12	G01	p4.II.2 3/4	73.63811	86,374.25	42,900.64	76,294.50
12	G02	p4.II.2 3/4	73.63811	127,782.80	49,588.12	88,187.52
12	G03	p4.II.2 3/4	73.63811	140,416.89	65,323.02	116,170.46
12	G04	p4.II.2 3/4	73.63811	125,528.85	61,719.72	109,762.35
12	G05	p4.II.2 3/4	73.63811	129,097.11	72,346.20	128,660.49
12	G06	p4.II.2 3/4	73.63811	119,715.48	66,013.35	117,398.15
12	G07	p4.II.2 5/6	73.63811	130,668.60	72,073.76	128,175.98
12	G08	p4.II.2 5/6	73.63811	146,469.68	73,624.98	130,934.67
12	G09	p4.II.2 5/6	73.63811	120,518.48	53,511.90	95,165.57
12	G10	p4.II.2 5/6	73.63811	147,715.71	54,010.53	96,052.32
12	G11	p4.II.2 5/6	73.63811	99,867.99	50,446.39	89,713.85
12	G12	p4.II.2 5/6	73.63811	115,048.62	50,612.45	90,009.18
12	H01	Background	73.63811	0	0	0
12	H02	Background	73.63811	0	0	0
12	H03	Background	73.63811	0	0	0
12	H04	Background	73.63811	0	0	0
12	H05	Background	73.63811	0	0	0
12	H06	Background	73.63811	0	0	0
12	H07	Background	73.63811	0	0	0
12	H08	Background	73.63811	0	0	0
12	H09	Background	73.63811	0	0	0
12	H10	Background	73.63811	0	0	0
12	H11	Background	73.63811	0	0	0
12	H12	Background	73.63811	0	0	0
13	A01	Background	80.20026	0	0	0
13	A02	Background	80.20026	0	0	0
13	A03	Background	80.20026	0	0	0
13	A04	Background	80.20026	0	0	0
13	A05	Background	80.20026	0	0	0
13	A06	Background	80.20026	0	0	0
13	A07	Background	80.20026	0	0	0
13	A08	Background	80.20026	0	0	0
13	A09	Background	80.20026	0	0	0
13	A10	Background	80.20026	0	0	0
13	A11	Background	80.20026	0	0	0
13	A12	Background	80.20026	0	0	0
13	B01	c1 3/4	80.20026	282,274.66	172,875.47	307,441.73
13	B02	c1 3/4	80.20026	371,385.57	194,699.33	346,253.28
13	B03	c1 3/4	80.20026	705,280.95	300,576.66	534,545.53
13	B04	c1 3/4	80.20026	619,897.80	317,137.00	563,996.44
13	B05	c1 3/4	80.20026	595,813.11	285,385.74	507,530.00
13	B06	c1 3/4	80.20026	736,715.99	385,562.09	685,683.62
13	B07	c1 5/6	80.20026	400,157.13	309,834.54	551,009.75
13	B08	c1 5/6	80.20026	535,598.28	355,075.08	631,465.53
13	B09	c1 5/6	80.20026	269,231.62	229,741.12	408,571.61
13	B10	c1 5/6	80.20026	257,900.95	207,014.19	368,154.03
13	B11	c1 5/6	80.20026	227,146.23	175,664.37	312,401.52
13	B12	c1 5/6	80.20026	218,596.09	145,747.65	259,197.62
13	C01	c3 3/4	80.20026	238,968.47	85,775.59	152,543.31
13	C02	c3 3/4	80.20026	286,247.68	82,926.96	147,477.30
13	C03	c3 3/4	80.20026	315,735.55	99,090.20	176,222.01
13	C04	c3 3/4	80.20026	318,657.55	117,985.08	209,824.66
13	C05	c3 3/4	80.20026	315,158.81	113,789.63	202,363.48
13	C06	c3 3/4	80.20026	312,859.02	113,396.82	201,664.91
13	C07	c3 5/6	80.20026	306,767.14	117,426.54	208,831.35
13	C08	c3 5/6	80.20026	271,847.37	88,146.23	156,759.26
13	C09	c3 5/6	80.20026	296,681.73	116,749.78	207,627.81
13	C10	c3 5/6	80.20026	241,093.14	94,844.17	168,670.86
13	C11	c3 5/6	80.20026	260,611.40	86,534.42	153,892.81
13	C12	c3 5/6	80.20026	129,974.55	46,481.05	82,661.90
13	D01	c2 3/4	80.20026	139,172.96	77,438.63	137,716.85
13	D02	c2 3/4	80.20026	216,199.54	105,781.61	188,122.02
13	D03	c2 3/4	80.20026	237,859.44	110,451.54	196,427.02
13	D04	c2 3/4	80.20026	234,879.79	117,926.22	209,720.00
13	D05	c2 3/4	80.20026	247,282.30	127,147.08	226,118.37
13	D06	c2 3/4	80.20026	213,355.52	117,578.90	209,102.32
13	D07	c2 5/6	80.20026	240,921.47	122,291.08	217,482.46
13	D08	c2 5/6	80.20026	231,248.67	105,713.47	188,000.84
13	D09	c2 5/6	80.20026	212,110.60	108,533.54	193,016.05
13	D10	c2 5/6	80.20026	199,139.40	99,770.75	177,432.30
13	D11	c2 5/6	80.20026	180,042.27	92,924.71	165,257.30
13	D12	c2 5/6	80.20026	139,144.18	60,620.44	107,807.39
13	E01	p11.II.1 3/4	80.20026	128,998.16	124,815.26	221,971.45
13	E02	p11.II.1 3/4	80.20026	180,244.25	146,842.50	261,144.70
13	E03	p11.II.1 3/4	80.20026	182,876.57	162,972.05	289,829.50
13	E04	p11.II.1 3/4	80.20026	122,379.89	114,005.94	202,748.17
13	E05	p11.II.1 3/4	80.20026	185,248.55	157,348.73	279,828.98
13	E06	p11.II.1 3/4	80.20026	177,201.29	157,335.45	279,805.36
13	E07	p11.II.1 5/6	80.20026	173,972.15	153,633.97	273,222.65
13	E08	p11.II.1 5/6	80.20026	169,017.37	133,064.25	236,641.45
13	E09	p11.II.1 5/6	80.20026	162,644.48	132,200.46	235,105.30
13	E10	p11.II.1 5/6	80.20026	170,350.65	159,334.82	283,361.04
13	E11	p11.II.1 5/6	80.20026	132,737.44	117,470.72	208,909.93
13	E12	p11.II.1 5/6	80.20026	119,571.29	99,486.09	176,926.06
13	F01	p4.I.2 3/4	80.20026	116,802.95	48,666.28	86,548.11
13	F02	p4.I.2 3/4	80.20026	141,423.97	62,798.93	111,681.62
13	F03	p4.I.2 3/4	80.20026	140,602.16	64,548.71	114,793.43
13	F04	p4.I.2 3/4	80.20026	133,128.71	56,307.00	100,136.37
13	F05	p4.I.2 3/4	80.20026	160,050.88	57,080.76	101,512.42
13	F06	p4.I.2 3/4	80.20026	148,285.55	46,945.08	83,487.12
13	F07	p4.I.2 5/6	80.20026	165,299.02	66,671.49	118,568.58
13	F08	p4.I.2 5/6	80.20026	157,703.41	56,973.29	101,321.30
13	F09	p4.I.2 5/6	80.20026	152,625.93	61,833.58	109,964.83
13	F10	p4.I.2 5/6	80.20026	149,981.60	56,172.33	99,896.87
13	F11	p4.I.2 5/6	80.20026	116,942.92	52,659.60	93,649.83
13	F12	p4.I.2 5/6	80.20026	143,773.98	48,963.78	87,077.19
13	G01	p4.II.2 3/4	80.20026	90,569.51	45,017.62	80,059.33
13	G02	p4.II.2 3/4	80.20026	130,327.07	50,782.53	90,311.65
13	G03	p4.II.2 3/4	80.20026	143,548.09	65,421.25	116,345.15
13	G04	p4.II.2 3/4	80.20026	131,951.62	63,923.72	113,681.94
13	G05	p4.II.2 3/4	80.20026	133,743.80	73,581.12	130,856.67
13	G06	p4.II.2 3/4	80.20026	123,409.18	68,337.66	121,531.69
13	G07	p4.II.2 5/6	80.20026	133,247.75	74,260.34	132,064.60
13	G08	p4.II.2 5/6	80.20026	152,573.08	75,295.28	133,905.13
13	G09	p4.II.2 5/6	80.20026	124,986.87	54,725.46	97,323.75
13	G10	p4.II.2 5/6	80.20026	149,675.75	55,853.60	99,330.05
13	G11	p4.II.2 5/6	80.20026	103,985.60	50,407.96	89,645.51
13	G12	p4.II.2 5/6	80.20026	117,283.37	50,860.63	90,450.54
13	H01	Background	80.20026	0	0	0
13	H02	Background	80.20026	0	0	0
13	H03	Background	80.20026	0	0	0
13	H04	Background	80.20026	0	0	0
13	H05	Background	80.20026	0	0	0
13	H06	Background	80.20026	0	0	0
13	H07	Background	80.20026	0	0	0
13	H08	Background	80.20026	0	0	0
13	H09	Background	80.20026	0	0	0
13	H10	Background	80.20026	0	0	0
13	H11	Background	80.20026	0	0	0
13	H12	Background	80.20026	0	0	0
14	A01	Background	86.84873	0	0	0
14	A02	Background	86.84873	0	0	0
14	A03	Background	86.84873	0	0	0
14	A04	Background	86.84873	0	0	0
14	A05	Background	86.84873	0	0	0
14	A06	Background	86.84873	0	0	0
14	A07	Background	86.84873	0	0	0
14	A08	Background	86.84873	0	0	0
14	A09	Background	86.84873	0	0	0
14	A10	Background	86.84873	0	0	0
14	A11	Background	86.84873	0	0	0
14	A12	Background	86.84873	0	0	0
14	B01	c1 3/4	86.84873	48,936.70	166,014.10	295,239.48
14	B02	c1 3/4	86.84873	63,326.90	185,943.25	330,681.47
14	B03	c1 3/4	86.84873	41,803.69	276,778.61	492,223.09
14	B04	c1 3/4	86.84873	140,782.13	325,677.92	579,185.61
14	B05	c1 3/4	86.84873	231,367.69	301,549.15	536,275.01
14	B06	c1 3/4	86.84873	163,611.76	380,659.18	676,964.29
14	B07	c1 5/6	86.84873	132,772.08	301,577.84	536,326.03
14	B08	c1 5/6	86.84873	70,349.29	339,841.25	604,373.68
14	B09	c1 5/6	86.84873	72,491.66	215,843.74	383,856.51
14	B10	c1 5/6	86.84873	54,902.00	202,085.61	359,389.05
14	B11	c1 5/6	86.84873	41,441.40	173,756.84	309,009.17
14	B12	c1 5/6	86.84873	37,613.58	146,175.99	259,959.38
14	C01	c3 3/4	86.84873	33,378.33	67,712.38	120,419.69
14	C02	c3 3/4	86.84873	45,104.16	63,245.35	112,475.53
14	C03	c3 3/4	86.84873	46,667.16	84,550.36	150,364.37
14	C04	c3 3/4	86.84873	36,783.92	97,091.00	172,666.63
14	C05	c3 3/4	86.84873	48,921.40	94,438.32	167,949.12
14	C06	c3 3/4	86.84873	46,486.13	96,057.17	170,828.07
14	C07	c3 5/6	86.84873	46,039.79	98,941.08	175,956.81
14	C08	c3 5/6	86.84873	41,602.78	69,004.41	122,717.45
14	C09	c3 5/6	86.84873	41,499.13	95,834.59	170,432.23
14	C10	c3 5/6	86.84873	36,839.28	78,684.03	139,931.68
14	C11	c3 5/6	86.84873	35,053.13	67,187.42	119,486.11
14	C12	c3 5/6	86.84873	17,678.53	41,081.42	73,059.20
14	D01	c2 3/4	86.84873	8,665.17	66,471.52	118,212.95
14	D02	c2 3/4	86.84873	30,555.10	95,343.60	169,559.06
14	D03	c2 3/4	86.84873	30,449.33	102,409.06	182,124.27
14	D04	c2 3/4	86.84873	36,202.19	101,334.13	180,212.61
14	D05	c2 3/4	86.84873	36,695.58	115,205.40	204,881.29
14	D06	c2 3/4	86.84873	29,217.98	105,093.80	186,898.82
14	D07	c2 5/6	86.84873	28,710.47	108,105.62	192,255.03
14	D08	c2 5/6	86.84873	29,001.14	88,318.70	157,065.97
14	D09	c2 5/6	86.84873	42,330.91	89,960.64	159,986.00
14	D10	c2 5/6	86.84873	28,556.38	77,831.91	138,416.26
14	D11	c2 5/6	86.84873	29,357.27	79,889.78	142,075.99
14	D12	c2 5/6	86.84873	18,383.46	53,889.46	95,837.01
14	E01	p11.II.1 3/4	86.84873	30,451.94	114,002.61	202,742.24
14	E02	p11.II.1 3/4	86.84873	32,816.58	132,908.03	236,363.64
14	E03	p11.II.1 3/4	86.84873	46,038.30	151,819.93	269,996.57
14	E04	p11.II.1 3/4	86.84873	21,409.95	112,353.61	199,809.66
14	E05	p11.II.1 3/4	86.84873	39,147.25	155,774.46	277,029.30
14	E06	p11.II.1 3/4	86.84873	31,384.47	148,590.70	264,253.71
14	E07	p11.II.1 5/6	86.84873	30,171.94	143,525.83	255,246.34
14	E08	p11.II.1 5/6	86.84873	31,677.25	118,262.88	210,318.70
14	E09	p11.II.1 5/6	86.84873	27,206.67	120,989.56	215,167.83
14	E10	p11.II.1 5/6	86.84873	29,327.75	152,581.92	271,351.68
14	E11	p11.II.1 5/6	86.84873	19,098.78	105,103.44	186,915.96
14	E12	p11.II.1 5/6	86.84873	8,354.51	98,114.13	174,486.18
14	F01	p4.I.2 3/4	86.84873	21,140.73	43,356.17	77,104.60
14	F02	p4.I.2 3/4	86.84873	27,738.18	52,845.49	93,980.41
14	F03	p4.I.2 3/4	86.84873	27,086.71	55,465.10	98,639.13
14	F04	p4.I.2 3/4	86.84873	25,792.05	40,428.82	71,898.61
14	F05	p4.I.2 3/4	86.84873	32,589.64	42,584.20	75,731.74
14	F06	p4.I.2 3/4	86.84873	27,158.55	23,946.37	42,586.23
14	F07	p4.I.2 5/6	86.84873	35,671.90	53,202.32	94,615.01
14	F08	p4.I.2 5/6	86.84873	20,647.90	39,627.68	70,473.86
14	F09	p4.I.2 5/6	86.84873	32,115.80	46,922.61	83,447.16
14	F10	p4.I.2 5/6	86.84873	23,529.76	42,559.89	75,688.51
14	F11	p4.I.2 5/6	86.84873	15,283.43	41,891.29	74,499.47
14	F12	p4.I.2 5/6	86.84873	14,042.93	38,810.92	69,021.35
14	G01	p4.II.2 3/4	86.84873	11,807.18	42,931.25	76,348.93
14	G02	p4.II.2 3/4	86.84873	32,489.69	42,060.62	74,800.61
14	G03	p4.II.2 3/4	86.84873	26,515.07	56,929.97	101,244.27
14	G04	p4.II.2 3/4	86.84873	21,574.14	61,394.41	109,183.81
14	G05	p4.II.2 3/4	86.84873	26,887.09	67,888.72	120,733.30
14	G06	p4.II.2 3/4	86.84873	23,408.77	65,522.27	116,524.80
14	G07	p4.II.2 5/6	86.84873	11,811.07	60,428.59	107,466.21
14	G08	p4.II.2 5/6	86.84873	26,838.12	62,784.66	111,656.24
14	G09	p4.II.2 5/6	86.84873	24,500.22	43,154.87	76,746.62
14	G10	p4.II.2 5/6	86.84873	30,307.07	43,860.62	78,001.73
14	G11	p4.II.2 5/6	86.84873	-6,092.93	41,827.55	74,386.11
14	G12	p4.II.2 5/6	86.84873	17,292.32	42,629.46	75,812.23
14	H01	Background	86.84873	0	0	0
14	H02	Background	86.84873	0	0	0
14	H03	Background	86.84873	0	0	0
14	H04	Background	86.84873	0	0	0
14	H05	Background	86.84873	0	0	0
14	H06	Background	86.84873	0	0	0
14	H07	Background	86.84873	0	0	0
14	H08	Background	86.84873	0	0	0
14	H09	Background	86.84873	0	0	0
14	H10	Background	86.84873	0	0	0
14	H11	Background	86.84873	0	0	0
14	H12	Background	86.84873	0	0	0
15	A01	Background	93.42232	0	0	0
15	A02	Background	93.42232	0	0	0
15	A03	Background	93.42232	0	0	0
15	A04	Background	93.42232	0	0	0
15	A05	Background	93.42232	0	0	0
15	A06	Background	93.42232	0	0	0
15	A07	Background	93.42232	0	0	0
15	A08	Background	93.42232	0	0	0
15	A09	Background	93.42232	0	0	0
15	A10	Background	93.42232	0	0	0
15	A11	Background	93.42232	0	0	0
15	A12	Background	93.42232	0	0	0
15	B01	c1 3/4	93.42232	45,547.00	165,656.21	294,603.00
15	B02	c1 3/4	93.42232	57,802.63	181,122.33	322,107.96
15	B03	c1 3/4	93.42232	59,734.92	271,860.23	483,476.23
15	B04	c1 3/4	93.42232	83,995.52	312,174.87	555,171.79
15	B05	c1 3/4	93.42232	119,812.74	289,572.20	514,975.21
15	B06	c1 3/4	93.42232	90,921.38	370,590.78	659,058.64
15	B07	c1 5/6	93.42232	108,645.97	302,106.02	537,265.35
15	B08	c1 5/6	93.42232	55,410.28	337,439.24	600,101.94
15	B09	c1 5/6	93.42232	70,544.47	217,181.53	386,235.64
15	B10	c1 5/6	93.42232	51,527.74	200,462.38	356,502.30
15	B11	c1 5/6	93.42232	41,741.13	166,746.45	296,541.89
15	B12	c1 5/6	93.42232	37,818.54	135,991.03	241,846.44
15	C01	c3 3/4	93.42232	33,300.86	66,749.75	118,707.75
15	C02	c3 3/4	93.42232	41,399.25	67,487.40	120,019.60
15	C03	c3 3/4	93.42232	44,629.95	84,664.42	150,567.21
15	C04	c3 3/4	93.42232	38,625.34	94,446.88	167,964.33
15	C05	c3 3/4	93.42232	47,032.89	92,920.20	165,249.28
15	C06	c3 3/4	93.42232	44,822.52	92,020.03	163,648.43
15	C07	c3 5/6	93.42232	44,548.06	95,690.74	170,176.42
15	C08	c3 5/6	93.42232	41,930.49	70,435.71	125,262.87
15	C09	c3 5/6	93.42232	39,697.52	93,458.39	166,206.41
15	C10	c3 5/6	93.42232	34,679.17	78,507.92	139,618.49
15	C11	c3 5/6	93.42232	34,334.01	67,223.35	119,550.00
15	C12	c3 5/6	93.42232	17,314.59	39,470.43	70,194.22
15	D01	c2 3/4	93.42232	9,865.25	64,471.08	114,655.36
15	D02	c2 3/4	93.42232	31,096.49	93,449.64	166,190.84
15	D03	c2 3/4	93.42232	31,064.81	97,520.41	173,430.30
15	D04	c2 3/4	93.42232	36,851.58	99,616.36	177,157.74
15	D05	c2 3/4	93.42232	37,546.92	111,349.39	198,023.76
15	D06	c2 3/4	93.42232	31,844.26	102,272.31	181,881.08
15	D07	c2 5/6	93.42232	31,178.75	103,816.30	184,626.91
15	D08	c2 5/6	93.42232	33,709.26	89,885.68	159,852.70
15	D09	c2 5/6	93.42232	37,637.97	89,256.49	158,733.74
15	D10	c2 5/6	93.42232	29,231.98	82,156.07	146,106.35
15	D11	c2 5/6	93.42232	31,682.11	78,626.94	139,830.15
15	D12	c2 5/6	93.42232	17,332.65	53,171.34	94,559.91
15	E01	p11.II.1 3/4	93.42232	27,687.43	112,118.20	199,391.00
15	E02	p11.II.1 3/4	93.42232	34,710.03	136,807.90	243,299.16
15	E03	p11.II.1 3/4	93.42232	44,497.09	150,995.95	268,531.20
15	E04	p11.II.1 3/4	93.42232	21,027.41	108,210.70	192,441.92
15	E05	p11.II.1 3/4	93.42232	37,516.89	149,099.67	265,158.85
15	E06	p11.II.1 3/4	93.42232	32,058.52	146,612.79	260,736.18
15	E07	p11.II.1 5/6	93.42232	28,845.51	141,947.28	252,439.05
15	E08	p11.II.1 5/6	93.42232	32,217.55	120,385.59	214,093.74
15	E09	p11.II.1 5/6	93.42232	27,527.34	120,000.49	213,408.88
15	E10	p11.II.1 5/6	93.42232	28,434.78	148,817.25	264,656.61
15	E11	p11.II.1 5/6	93.42232	21,262.73	105,909.41	188,349.30
15	E12	p11.II.1 5/6	93.42232	8,336.54	94,438.43	167,949.31
15	F01	p4.I.2 3/4	93.42232	23,465.91	40,111.18	71,333.72
15	F02	p4.I.2 3/4	93.42232	29,235.54	51,715.70	91,971.21
15	F03	p4.I.2 3/4	93.42232	29,017.99	53,516.73	95,174.15
15	F04	p4.I.2 3/4	93.42232	28,562.31	46,333.99	82,400.37
15	F05	p4.I.2 3/4	93.42232	33,015.15	44,875.25	79,806.14
15	F06	p4.I.2 3/4	93.42232	28,857.62	34,195.62	60,813.49
15	F07	p4.I.2 5/6	93.42232	37,363.39	52,265.18	92,948.40
15	F08	p4.I.2 5/6	93.42232	27,428.41	41,955.79	74,614.18
15	F09	p4.I.2 5/6	93.42232	30,203.35	47,793.94	84,996.74
15	F10	p4.I.2 5/6	93.42232	23,930.96	42,559.86	75,688.45
15	F11	p4.I.2 5/6	93.42232	17,240.18	41,816.61	74,366.66
15	F12	p4.I.2 5/6	93.42232	14,478.61	40,381.69	71,814.80
15	G01	p4.II.2 3/4	93.42232	14,631.59	41,297.73	73,443.87
15	G02	p4.II.2 3/4	93.42232	34,668.14	42,032.34	74,750.32
15	G03	p4.II.2 3/4	93.42232	28,469.18	56,447.81	100,386.79
15	G04	p4.II.2 3/4	93.42232	22,151.85	58,336.96	103,746.46
15	G05	p4.II.2 3/4	93.42232	26,496.87	66,012.25	117,396.18
15	G06	p4.II.2 3/4	93.42232	24,389.79	62,992.42	112,025.72
15	G07	p4.II.2 5/6	93.42232	13,857.57	58,900.63	104,748.88
15	G08	p4.II.2 5/6	93.42232	28,496.50	61,286.37	108,991.68
15	G09	p4.II.2 5/6	93.42232	21,644.80	43,091.45	76,633.83
15	G10	p4.II.2 5/6	93.42232	32,905.59	45,116.36	80,234.93
15	G11	p4.II.2 5/6	93.42232	-4,782.30	41,392.66	73,612.70
15	G12	p4.II.2 5/6	93.42232	17,900.68	42,204.93	75,057.26
15	H01	Background	93.42232	0	0	0
15	H02	Background	93.42232	0	0	0
15	H03	Background	93.42232	0	0	0
15	H04	Background	93.42232	0	0	0
15	H05	Background	93.42232	0	0	0
15	H06	Background	93.42232	0	0	0
15	H07	Background	93.42232	0	0	0
15	H08	Background	93.42232	0	0	0
15	H09	Background	93.42232	0	0	0
15	H10	Background	93.42232	0	0	0
15	H11	Background	93.42232	0	0	0
15	H12	Background	93.42232	0	0	0
16	A01	Background	99.93866	0	0	0
16	A02	Background	99.93866	0	0	0
16	A03	Background	99.93866	0	0	0
16	A04	Background	99.93866	0	0	0
16	A05	Background	99.93866	0	0	0
16	A06	Background	99.93866	0	0	0
16	A07	Background	99.93866	0	0	0
16	A08	Background	99.93866	0	0	0
16	A09	Background	99.93866	0	0	0
16	A10	Background	99.93866	0	0	0
16	A11	Background	99.93866	0	0	0
16	A12	Background	99.93866	0	0	0
16	B01	c1 3/4	99.93866	43,400.55	167,895.29	298,584.99
16	B02	c1 3/4	99.93866	53,363.93	181,574.44	322,911.98
16	B03	c1 3/4	99.93866	67,894.08	270,628.62	481,285.93
16	B04	c1 3/4	99.93866	75,243.12	318,225.54	565,932.30
16	B05	c1 3/4	99.93866	82,304.67	288,959.53	513,885.63
16	B06	c1 3/4	99.93866	80,494.00	371,715.99	661,059.72
16	B07	c1 5/6	99.93866	108,743.74	304,452.15	541,437.70
16	B08	c1 5/6	99.93866	56,043.96	340,187.00	604,988.56
16	B09	c1 5/6	99.93866	67,599.18	218,645.59	388,839.32
16	B10	c1 5/6	99.93866	49,746.77	199,460.87	354,721.21
16	B11	c1 5/6	99.93866	38,519.57	168,017.58	298,802.47
16	B12	c1 5/6	99.93866	34,906.76	136,122.55	242,080.34
16	C01	c3 3/4	99.93866	30,297.80	67,825.66	120,621.15
16	C02	c3 3/4	99.93866	40,776.28	65,201.28	115,953.96
16	C03	c3 3/4	99.93866	39,869.87	85,631.23	152,286.58
16	C04	c3 3/4	99.93866	37,022.53	94,827.94	168,642.00
16	C05	c3 3/4	99.93866	44,802.04	92,787.98	165,014.14
16	C06	c3 3/4	99.93866	42,703.57	92,314.95	164,172.92
16	C07	c3 5/6	99.93866	43,214.62	96,004.97	170,735.24
16	C08	c3 5/6	99.93866	40,183.18	71,085.54	126,418.52
16	C09	c3 5/6	99.93866	37,032.50	93,723.34	166,677.59
16	C10	c3 5/6	99.93866	33,661.32	79,804.60	141,924.49
16	C11	c3 5/6	99.93866	32,951.44	65,819.18	117,052.83
16	C12	c3 5/6	99.93866	16,692.69	37,924.01	67,444.05
16	D01	c2 3/4	99.93866	8,320.63	64,130.75	114,050.12
16	D02	c2 3/4	99.93866	31,452.33	92,869.53	165,159.18
16	D03	c2 3/4	99.93866	31,460.84	98,598.77	175,348.05
16	D04	c2 3/4	99.93866	37,654.00	100,280.72	178,339.24
16	D05	c2 3/4	99.93866	36,322.59	111,311.32	197,956.05
16	D06	c2 3/4	99.93866	31,198.80	103,086.36	183,328.78
16	D07	c2 5/6	99.93866	29,070.92	105,564.33	187,735.60
16	D08	c2 5/6	99.93866	31,804.26	90,460.69	160,875.30
16	D09	c2 5/6	99.93866	35,372.44	91,237.49	162,256.76
16	D10	c2 5/6	99.93866	28,393.42	83,729.75	148,904.98
16	D11	c2 5/6	99.93866	28,938.22	78,085.07	138,866.49
16	D12	c2 5/6	99.93866	16,959.74	49,959.98	88,848.83
16	E01	p11.II.1 3/4	99.93866	27,231.08	111,010.07	197,420.31
16	E02	p11.II.1 3/4	99.93866	34,895.59	136,513.64	242,775.85
16	E03	p11.II.1 3/4	99.93866	43,828.81	151,088.25	268,695.34
16	E04	p11.II.1 3/4	99.93866	17,691.13	107,786.17	191,686.92
16	E05	p11.II.1 3/4	99.93866	36,723.95	148,620.82	264,307.26
16	E06	p11.II.1 3/4	99.93866	30,979.49	146,758.50	260,995.31
16	E07	p11.II.1 5/6	99.93866	29,325.20	142,047.52	252,617.31
16	E08	p11.II.1 5/6	99.93866	30,858.06	122,142.36	217,217.98
16	E09	p11.II.1 5/6	99.93866	26,371.35	122,747.30	218,293.80
16	E10	p11.II.1 5/6	99.93866	29,344.24	148,205.60	263,568.84
16	E11	p11.II.1 5/6	99.93866	14,256.49	104,871.49	186,503.45
16	E12	p11.II.1 5/6	99.93866	8,513.24	89,531.75	159,223.27
16	F01	p4.I.2 3/4	99.93866	22,864.18	38,794.66	68,992.42
16	F02	p4.I.2 3/4	99.93866	30,273.27	51,348.42	91,318.03
16	F03	p4.I.2 3/4	99.93866	28,614.27	53,026.99	94,303.20
16	F04	p4.I.2 3/4	99.93866	26,027.77	45,836.92	81,516.37
16	F05	p4.I.2 3/4	99.93866	30,968.37	44,266.30	78,723.19
16	F06	p4.I.2 3/4	99.93866	25,727.54	33,885.43	60,261.85
16	F07	p4.I.2 5/6	99.93866	33,983.30	51,925.06	92,343.52
16	F08	p4.I.2 5/6	99.93866	23,837.93	40,887.85	72,714.95
16	F09	p4.I.2 5/6	99.93866	26,145.02	46,577.47	82,833.38
16	F10	p4.I.2 5/6	99.93866	23,534.24	41,036.21	72,978.80
16	F11	p4.I.2 5/6	99.93866	13,464.94	37,245.19	66,236.85
16	F12	p4.I.2 5/6	99.93866	14,770.42	33,787.69	60,088.02
16	G01	p4.II.2 3/4	99.93866	13,714.94	40,305.83	71,679.89
16	G02	p4.II.2 3/4	99.93866	32,302.85	41,303.51	73,454.15
16	G03	p4.II.2 3/4	99.93866	28,308.13	56,490.52	100,462.75
16	G04	p4.II.2 3/4	99.93866	23,329.91	58,191.55	103,487.86
16	G05	p4.II.2 3/4	99.93866	26,116.65	64,591.16	114,868.92
16	G06	p4.II.2 3/4	99.93866	22,777.65	60,931.04	108,359.77
16	G07	p4.II.2 5/6	99.93866	11,418.21	57,982.80	103,116.60
16	G08	p4.II.2 5/6	99.93866	27,481.49	61,123.38	108,701.81
16	G09	p4.II.2 5/6	99.93866	21,961.00	43,244.83	76,906.60
16	G10	p4.II.2 5/6	99.93866	32,601.45	43,239.85	76,897.75
16	G11	p4.II.2 5/6	99.93866	-7,911.69	38,772.45	68,952.93
16	G12	p4.II.2 5/6	99.93866	18,433.55	41,503.11	73,809.14
16	H01	Background	99.93866	0	0	0
16	H02	Background	99.93866	0	0	0
16	H03	Background	99.93866	0	0	0
16	H04	Background	99.93866	0	0	0
16	H05	Background	99.93866	0	0	0
16	H06	Background	99.93866	0	0	0
16	H07	Background	99.93866	0	0	0
16	H08	Background	99.93866	0	0	0
16	H09	Background	99.93866	0	0	0
16	H10	Background	99.93866	0	0	0
16	H11	Background	99.93866	0	0	0
16	H12	Background	99.93866	0	0	0
